,time,Open,High,Low,Close,Volume,Dividends,Stock Splits,stock_code,ric_code,uuid,last_modified_date,current_hour_pillar,current_day_pillar,current_day_pillar_minus,current_hour_pillar_minus,current_month_pillar,current_year_pillar,current_year_pillar_minus,current_month_pillar_minus,current_wuxi_hour,current_wuxi_day,current_wuxi_month,current_wuxi_year,base_year_pillar,base_month_pillar,base_day_pillar,base_hour_pillar,base_month_pillar_minus,base_hour_pillar_minus,base_year_pillar_minus,base_day_pillar_minus,year,month,day,hour,dayofweek,quarter,is_month_start,is_month_end,is_quarter_start,is_quarter_end,is_year_start,is_year_end,dayofyear,weekofyear,current_hour_pillar_heavenly,current_hour_pillar_earthly,current_hour_pillar_heavenly_sin,current_hour_pillar_heavenly_cos,current_hour_pillar_earthly_sin,current_hour_pillar_earthly_cos,current_day_pillar_heavenly,current_day_pillar_earthly,current_day_pillar_heavenly_sin,current_day_pillar_heavenly_cos,current_day_pillar_earthly_sin,current_day_pillar_earthly_cos,current_day_pillar_minus_heavenly,current_day_pillar_minus_earthly,current_day_pillar_minus_heavenly_sin,current_day_pillar_minus_heavenly_cos,current_day_pillar_minus_earthly_sin,current_day_pillar_minus_earthly_cos,current_hour_pillar_minus_heavenly,current_hour_pillar_minus_earthly,current_hour_pillar_minus_heavenly_sin,current_hour_pillar_minus_heavenly_cos,current_hour_pillar_minus_earthly_sin,current_hour_pillar_minus_earthly_cos,current_month_pillar_heavenly,current_month_pillar_earthly,current_month_pillar_heavenly_sin,current_month_pillar_heavenly_cos,current_month_pillar_earthly_sin,current_month_pillar_earthly_cos,current_year_pillar_heavenly,current_year_pillar_earthly,current_year_pillar_heavenly_sin,current_year_pillar_heavenly_cos,current_year_pillar_earthly_sin,current_year_pillar_earthly_cos,current_year_pillar_minus_heavenly,current_year_pillar_minus_earthly,current_year_pillar_minus_heavenly_sin,current_year_pillar_minus_heavenly_cos,current_year_pillar_minus_earthly_sin,current_year_pillar_minus_earthly_cos,current_month_pillar_minus_heavenly,current_month_pillar_minus_earthly,current_month_pillar_minus_heavenly_sin,current_month_pillar_minus_heavenly_cos,current_month_pillar_minus_earthly_sin,current_month_pillar_minus_earthly_cos,base_year_pillar_heavenly,base_year_pillar_earthly,base_year_pillar_heavenly_sin,base_year_pillar_heavenly_cos,base_year_pillar_earthly_sin,base_year_pillar_earthly_cos,base_month_pillar_heavenly,base_month_pillar_earthly,base_month_pillar_heavenly_sin,base_month_pillar_heavenly_cos,base_month_pillar_earthly_sin,base_month_pillar_earthly_cos,base_day_pillar_heavenly,base_day_pillar_earthly,base_day_pillar_heavenly_sin,base_day_pillar_heavenly_cos,base_day_pillar_earthly_sin,base_day_pillar_earthly_cos,base_hour_pillar_heavenly,base_hour_pillar_earthly,base_hour_pillar_heavenly_sin,base_hour_pillar_heavenly_cos,base_hour_pillar_earthly_sin,base_hour_pillar_earthly_cos,base_month_pillar_minus_heavenly,base_month_pillar_minus_earthly,base_month_pillar_minus_heavenly_sin,base_month_pillar_minus_heavenly_cos,base_month_pillar_minus_earthly_sin,base_month_pillar_minus_earthly_cos,base_hour_pillar_minus_heavenly,base_hour_pillar_minus_earthly,base_hour_pillar_minus_heavenly_sin,base_hour_pillar_minus_heavenly_cos,base_hour_pillar_minus_earthly_sin,base_hour_pillar_minus_earthly_cos,base_year_pillar_minus_heavenly,base_year_pillar_minus_earthly,base_year_pillar_minus_heavenly_sin,base_year_pillar_minus_heavenly_cos,base_year_pillar_minus_earthly_sin,base_year_pillar_minus_earthly_cos,base_day_pillar_minus_heavenly,base_day_pillar_minus_earthly,base_day_pillar_minus_heavenly_sin,base_day_pillar_minus_heavenly_cos,base_day_pillar_minus_earthly_sin,base_day_pillar_minus_earthly_cos,cs_base_hour_current_hour,cs_base_hour_current_day,cs_base_hour_current_hour_minus,cs_base_hour_current_month,cs_base_hour_current_year,cs_base_hour_current_month_minus,cs_base_day_current_hour,cs_base_day_current_day,cs_base_day_current_hour_minus,cs_base_day_current_month,cs_base_day_current_year,cs_base_day_current_month_minus,cs_base_hour_minus_current_hour,cs_base_hour_minus_current_day,cs_base_hour_minus_current_hour_minus,cs_base_hour_minus_current_month,cs_base_hour_minus_current_year,cs_base_hour_minus_current_month_minus,cs_base_month_current_hour,cs_base_month_current_day,cs_base_month_current_hour_minus,cs_base_month_current_month,cs_base_month_current_year,cs_base_month_current_month_minus,cs_base_year_current_hour,cs_base_year_current_day,cs_base_year_current_hour_minus,cs_base_year_current_month,cs_base_year_current_year,cs_base_year_current_month_minus,cs_base_month_minus_current_hour,cs_base_month_minus_current_day,cs_base_month_minus_current_hour_minus,cs_base_month_minus_current_month,cs_base_month_minus_current_year,cs_base_month_minus_current_month_minus
0,2023-11-01 00:00:00+08:00,17139.4,17188.8,16979.3,17101.8,1529284000,0,0,HSI,^HSI,5551240016079675867,2025-06-02 08:53:16.696166+08:00,壬子,癸亥,戊午,丁未,丁丑,戊午,癸亥,壬午,己卯,癸戌,乙丑,戊未,己酉,乙亥,癸卯,辛酉,庚午,丙寅,甲辰,戊申,2023,11,1,0,2,4,True,False,False,False,False,False,305,44,壬,子,-0.951057,0.309017,0,1,癸,亥,-0.587785,0.809017,-0.5,0.866025,戊,午,0.587785,-0.809017,1.22465e-16,-1,丁,未,0.951057,-0.309017,-0.5,-0.866025,丁,丑,0.951057,-0.309017,0.5,0.866025,戊,午,0.587785,-0.809017,1.22465e-16,-1,癸,亥,-0.587785,0.809017,-0.5,0.866025,壬,午,-0.951057,0.309017,1.22465e-16,-1,己,酉,1.22465e-16,-1,-1,-1.83697e-16,乙,亥,0.587785,0.809017,-0.5,0.866025,癸,卯,-0.587785,0.809017,1,6.12323e-17,辛,酉,-0.951057,-0.309017,-1,-1.83697e-16,庚,午,-0.587785,-0.809017,1.22465e-16,-1,丙,寅,0.951057,0.309017,0.866025,0.5,甲,辰,0,1,0.866025,-0.5,戊,申,0.587785,-0.809017,-0.866025,-0.5,長生,沐浴,衰,養,病,病,臨官,帝旺,墓庫,冠帶,絕,絕,胎,絕,衰,養,帝旺,帝旺,病,死,養,衰,長生,長生,絕,胎,冠帶,墓庫,臨官,臨官,死,病,冠帶,墓庫,沐浴,沐浴
1,2023-11-02 00:00:00+08:00,17282.4,17459.4,17176,17230.6,1802714600,0,0,HSI,^HSI,5578604807682218612,2025-06-02 08:53:16.696166+08:00,甲子,甲子,己未,己未,丁丑,戊午,癸亥,壬午,辛卯,甲亥,丙丑,戊未,己酉,乙亥,癸卯,辛酉,庚午,丙寅,甲辰,戊申,2023,11,2,0,3,4,False,False,False,False,False,False,306,44,甲,子,0,1,0,1,甲,子,0,1,0,1,己,未,1.22465e-16,-1,-0.5,-0.866025,己,未,1.22465e-16,-1,-0.5,-0.866025,丁,丑,0.951057,-0.309017,0.5,0.866025,戊,午,0.587785,-0.809017,1.22465e-16,-1,癸,亥,-0.587785,0.809017,-0.5,0.866025,壬,午,-0.951057,0.309017,1.22465e-16,-1,己,酉,1.22465e-16,-1,-1,-1.83697e-16,乙,亥,0.587785,0.809017,-0.5,0.866025,癸,卯,-0.587785,0.809017,1,6.12323e-17,辛,酉,-0.951057,-0.309017,-1,-1.83697e-16,庚,午,-0.587785,-0.809017,1.22465e-16,-1,丙,寅,0.951057,0.309017,0.866025,0.5,甲,辰,0,1,0.866025,-0.5,戊,申,0.587785,-0.809017,-0.866025,-0.5,長生,長生,衰,養,病,病,臨官,臨官,墓庫,冠帶,絕,絕,胎,胎,衰,養,帝旺,帝旺,病,病,養,衰,長生,長生,絕,絕,冠帶,墓庫,臨官,臨官,死,死,冠帶,墓庫,沐浴,沐浴
2,2023-11-03 00:00:00+08:00,17405.9,17729.4,17352.6,17664.1,1998722400,0,0,HSI,^HSI,15357631317777616934,2025-06-02 08:53:16.696166+08:00,丙子,乙丑,庚申,辛未,丁丑,戊午,癸亥,壬午,癸卯,乙子,丙丑,戊未,己酉,乙亥,癸卯,辛酉,庚午,丙寅,甲辰,戊申,2023,11,3,0,4,4,False,False,False,False,False,False,307,44,丙,子,0.951057,0.309017,0,1,乙,丑,0.587785,0.809017,0.5,0.866025,庚,申,-0.587785,-0.809017,-0.866025,-0.5,辛,未,-0.951057,-0.309017,-0.5,-0.866025,丁,丑,0.951057,-0.309017,0.5,0.866025,戊,午,0.587785,-0.809017,1.22465e-16,-1,癸,亥,-0.587785,0.809017,-0.5,0.866025,壬,午,-0.951057,0.309017,1.22465e-16,-1,己,酉,1.22465e-16,-1,-1,-1.83697e-16,乙,亥,0.587785,0.809017,-0.5,0.866025,癸,卯,-0.587785,0.809017,1,6.12323e-17,辛,酉,-0.951057,-0.309017,-1,-1.83697e-16,庚,午,-0.587785,-0.809017,1.22465e-16,-1,丙,寅,0.951057,0.309017,0.866025,0.5,甲,辰,0,1,0.866025,-0.5,戊,申,0.587785,-0.809017,-0.866025,-0.5,長生,養,衰,養,病,病,臨官,冠帶,墓庫,冠帶,絕,絕,胎,養,衰,養,帝旺,帝旺,病,衰,養,衰,長生,長生,絕,墓庫,冠帶,墓庫,臨官,臨官,死,墓庫,冠帶,墓庫,沐浴,沐浴
3,2023-11-06 00:00:00+08:00,17913.5,18037.9,17899.3,17966.6,2764092100,0,0,HSI,^HSI,10372494809146000203,2025-06-02 08:53:16.696166+08:00,壬子,戊辰,癸亥,丁未,丁丑,戊午,癸亥,壬午,己卯,戊卯,辛丑,戊未,己酉,乙亥,癸卯,辛酉,庚午,丙寅,甲辰,戊申,2023,11,6,0,0,4,False,False,False,False,False,False,310,45,壬,子,-0.951057,0.309017,0,1,戊,辰,0.587785,-0.809017,0.866025,-0.5,癸,亥,-0.587785,0.809017,-0.5,0.866025,丁,未,0.951057,-0.309017,-0.5,-0.866025,丁,丑,0.951057,-0.309017,0.5,0.866025,戊,午,0.587785,-0.809017,1.22465e-16,-1,癸,亥,-0.587785,0.809017,-0.5,0.866025,壬,午,-0.951057,0.309017,1.22465e-16,-1,己,酉,1.22465e-16,-1,-1,-1.83697e-16,乙,亥,0.587785,0.809017,-0.5,0.866025,癸,卯,-0.587785,0.809017,1,6.12323e-17,辛,酉,-0.951057,-0.309017,-1,-1.83697e-16,庚,午,-0.587785,-0.809017,1.22465e-16,-1,丙,寅,0.951057,0.309017,0.866025,0.5,甲,辰,0,1,0.866025,-0.5,戊,申,0.587785,-0.809017,-0.866025,-0.5,長生,墓庫,衰,養,病,病,臨官,養,墓庫,冠帶,絕,絕,胎,冠帶,衰,養,帝旺,帝旺,病,冠帶,養,衰,長生,長生,絕,衰,冠帶,墓庫,臨官,臨官,死,養,冠帶,墓庫,沐浴,沐浴
4,2023-11-07 00:00:00+08:00,17850.6,17890.6,17658.9,17670.2,1971243300,0,0,HSI,^HSI,12202413770664115392,2025-06-02 08:53:16.696166+08:00,甲子,己巳,甲子,己未,丁丑,戊午,癸亥,壬午,辛卯,己辰,辛丑,戊未,己酉,乙亥,癸卯,辛酉,庚午,丙寅,甲辰,戊申,2023,11,7,0,1,4,False,False,False,False,False,False,311,45,甲,子,0,1,0,1,己,巳,1.22465e-16,-1,0.5,-0.866025,甲,子,0,1,0,1,己,未,1.22465e-16,-1,-0.5,-0.866025,丁,丑,0.951057,-0.309017,0.5,0.866025,戊,午,0.587785,-0.809017,1.22465e-16,-1,癸,亥,-0.587785,0.809017,-0.5,0.866025,壬,午,-0.951057,0.309017,1.22465e-16,-1,己,酉,1.22465e-16,-1,-1,-1.83697e-16,乙,亥,0.587785,0.809017,-0.5,0.866025,癸,卯,-0.587785,0.809017,1,6.12323e-17,辛,酉,-0.951057,-0.309017,-1,-1.83697e-16,庚,午,-0.587785,-0.809017,1.22465e-16,-1,丙,寅,0.951057,0.309017,0.866025,0.5,甲,辰,0,1,0.866025,-0.5,戊,申,0.587785,-0.809017,-0.866025,-0.5,長生,死,衰,養,病,病,臨官,胎,墓庫,冠帶,絕,絕,胎,臨官,衰,養,帝旺,帝旺,病,沐浴,養,衰,長生,長生,絕,帝旺,冠帶,墓庫,臨官,臨官,死,長生,冠帶,墓庫,沐浴,沐浴
5,2023-11-08 00:00:00+08:00,17650.5,17753.6,17537.2,17568.5,2140777800,0,0,HSI,^HSI,320876350426530002,2025-06-02 08:53:16.696166+08:00,丙子,庚午,乙丑,辛未,丁丑,戊午,癸亥,壬午,癸卯,庚巳,辛丑,戊未,己酉,乙亥,癸卯,辛酉,庚午,丙寅,甲辰,戊申,2023,11,8,0,2,4,False,False,False,False,False,False,312,45,丙,子,0.951057,0.309017,0,1,庚,午,-0.587785,-0.809017,1.22465e-16,-1,乙,丑,0.587785,0.809017,0.5,0.866025,辛,未,-0.951057,-0.309017,-0.5,-0.866025,丁,丑,0.951057,-0.309017,0.5,0.866025,戊,午,0.587785,-0.809017,1.22465e-16,-1,癸,亥,-0.587785,0.809017,-0.5,0.866025,壬,午,-0.951057,0.309017,1.22465e-16,-1,己,酉,1.22465e-16,-1,-1,-1.83697e-16,乙,亥,0.587785,0.809017,-0.5,0.866025,癸,卯,-0.587785,0.809017,1,6.12323e-17,辛,酉,-0.951057,-0.309017,-1,-1.83697e-16,庚,午,-0.587785,-0.809017,1.22465e-16,-1,丙,寅,0.951057,0.309017,0.866025,0.5,甲,辰,0,1,0.866025,-0.5,戊,申,0.587785,-0.809017,-0.866025,-0.5,長生,病,衰,養,病,病,臨官,絕,墓庫,冠帶,絕,絕,胎,帝旺,衰,養,帝旺,帝旺,病,長生,養,衰,長生,長生,絕,臨官,冠帶,墓庫,臨官,臨官,死,沐浴,冠帶,墓庫,沐浴,沐浴
6,2023-11-09 00:00:00+08:00,17553.3,17617.3,17457,17511.3,1643795500,0,0,HSI,^HSI,11163284519129143021,2025-06-02 08:53:16.696166+08:00,戊子,辛未,丙寅,癸未,癸亥,戊午,癸亥,戊辰,乙卯,辛午,癸亥,戊未,己酉,乙亥,癸卯,辛酉,庚午,丙寅,甲辰,戊申,2023,11,9,0,3,4,False,False,False,False,False,False,313,45,戊,子,0.587785,-0.809017,0,1,辛,未,-0.951057,-0.309017,-0.5,-0.866025,丙,寅,0.951057,0.309017,0.866025,0.5,癸,未,-0.587785,0.809017,-0.5,-0.866025,癸,亥,-0.587785,0.809017,-0.5,0.866025,戊,午,0.587785,-0.809017,1.22465e-16,-1,癸,亥,-0.587785,0.809017,-0.5,0.866025,戊,辰,0.587785,-0.809017,0.866025,-0.5,己,酉,1.22465e-16,-1,-1,-1.83697e-16,乙,亥,0.587785,0.809017,-0.5,0.866025,癸,卯,-0.587785,0.809017,1,6.12323e-17,辛,酉,-0.951057,-0.309017,-1,-1.83697e-16,庚,午,-0.587785,-0.809017,1.22465e-16,-1,丙,寅,0.951057,0.309017,0.866025,0.5,甲,辰,0,1,0.866025,-0.5,戊,申,0.587785,-0.809017,-0.866025,-0.5,長生,衰,衰,沐浴,病,墓庫,臨官,墓庫,墓庫,帝旺,絕,養,胎,衰,衰,絕,帝旺,冠帶,病,養,養,死,長生,冠帶,絕,冠帶,冠帶,胎,臨官,衰,死,冠帶,冠帶,病,沐浴,養
7,2023-11-10 00:00:00+08:00,17350.9,17350.9,17177.5,17203.3,1674484500,0,0,HSI,^HSI,2202508941605024547,2025-06-02 08:53:16.696166+08:00,庚子,壬申,丁卯,乙未,癸亥,戊午,癸亥,戊辰,丁卯,壬未,癸亥,戊未,己酉,乙亥,癸卯,辛酉,庚午,丙寅,甲辰,戊申,2023,11,10,0,4,4,False,False,False,False,False,False,314,45,庚,子,-0.587785,-0.809017,0,1,壬,申,-0.951057,0.309017,-0.866025,-0.5,丁,卯,0.951057,-0.309017,1,6.12323e-17,乙,未,0.587785,0.809017,-0.5,-0.866025,癸,亥,-0.587785,0.809017,-0.5,0.866025,戊,午,0.587785,-0.809017,1.22465e-16,-1,癸,亥,-0.587785,0.809017,-0.5,0.866025,戊,辰,0.587785,-0.809017,0.866025,-0.5,己,酉,1.22465e-16,-1,-1,-1.83697e-16,乙,亥,0.587785,0.809017,-0.5,0.866025,癸,卯,-0.587785,0.809017,1,6.12323e-17,辛,酉,-0.951057,-0.309017,-1,-1.83697e-16,庚,午,-0.587785,-0.809017,1.22465e-16,-1,丙,寅,0.951057,0.309017,0.866025,0.5,甲,辰,0,1,0.866025,-0.5,戊,申,0.587785,-0.809017,-0.866025,-0.5,長生,帝旺,衰,沐浴,病,墓庫,臨官,死,墓庫,帝旺,絕,養,胎,病,衰,絕,帝旺,冠帶,病,胎,養,死,長生,冠帶,絕,沐浴,冠帶,胎,臨官,衰,死,臨官,冠帶,病,沐浴,養
8,2023-11-13 00:00:00+08:00,17263,17456.1,17126.6,17426.2,1440269500,0,0,HSI,^HSI,12817730612294914651,2025-06-02 08:53:16.696166+08:00,丙子,乙亥,庚午,辛未,癸亥,戊午,癸亥,戊辰,癸卯,乙戌,戊亥,戊未,己酉,乙亥,癸卯,辛酉,庚午,丙寅,甲辰,戊申,2023,11,13,0,0,4,False,False,False,False,False,False,317,46,丙,子,0.951057,0.309017,0,1,乙,亥,0.587785,0.809017,-0.5,0.866025,庚,午,-0.587785,-0.809017,1.22465e-16,-1,辛,未,-0.951057,-0.309017,-0.5,-0.866025,癸,亥,-0.587785,0.809017,-0.5,0.866025,戊,午,0.587785,-0.809017,1.22465e-16,-1,癸,亥,-0.587785,0.809017,-0.5,0.866025,戊,辰,0.587785,-0.809017,0.866025,-0.5,己,酉,1.22465e-16,-1,-1,-1.83697e-16,乙,亥,0.587785,0.809017,-0.5,0.866025,癸,卯,-0.587785,0.809017,1,6.12323e-17,辛,酉,-0.951057,-0.309017,-1,-1.83697e-16,庚,午,-0.587785,-0.809017,1.22465e-16,-1,丙,寅,0.951057,0.309017,0.866025,0.5,甲,辰,0,1,0.866025,-0.5,戊,申,0.587785,-0.809017,-0.866025,-0.5,長生,沐浴,衰,沐浴,病,墓庫,臨官,帝旺,墓庫,帝旺,絕,養,胎,絕,衰,絕,帝旺,冠帶,病,死,養,死,長生,冠帶,絕,胎,冠帶,胎,臨官,衰,死,病,冠帶,病,沐浴,養
9,2023-11-14 00:00:00+08:00,17495.1,17565.2,17358.9,17396.9,1449318000,0,0,HSI,^HSI,12283077567765346241,2025-06-02 08:53:16.696166+08:00,戊子,丙子,辛未,癸未,癸亥,戊午,癸亥,戊辰,乙卯,丙亥,戊亥,戊未,己酉,乙亥,癸卯,辛酉,庚午,丙寅,甲辰,戊申,2023,11,14,0,1,4,False,False,False,False,False,False,318,46,戊,子,0.587785,-0.809017,0,1,丙,子,0.951057,0.309017,0,1,辛,未,-0.951057,-0.309017,-0.5,-0.866025,癸,未,-0.587785,0.809017,-0.5,-0.866025,癸,亥,-0.587785,0.809017,-0.5,0.866025,戊,午,0.587785,-0.809017,1.22465e-16,-1,癸,亥,-0.587785,0.809017,-0.5,0.866025,戊,辰,0.587785,-0.809017,0.866025,-0.5,己,酉,1.22465e-16,-1,-1,-1.83697e-16,乙,亥,0.587785,0.809017,-0.5,0.866025,癸,卯,-0.587785,0.809017,1,6.12323e-17,辛,酉,-0.951057,-0.309017,-1,-1.83697e-16,庚,午,-0.587785,-0.809017,1.22465e-16,-1,丙,寅,0.951057,0.309017,0.866025,0.5,甲,辰,0,1,0.866025,-0.5,戊,申,0.587785,-0.809017,-0.866025,-0.5,長生,長生,衰,沐浴,病,墓庫,臨官,臨官,墓庫,帝旺,絕,養,胎,胎,衰,絕,帝旺,冠帶,病,病,養,死,長生,冠帶,絕,絕,冠帶,胎,臨官,衰,死,死,冠帶,病,沐浴,養
10,2023-11-15 00:00:00+08:00,17836.7,18102.3,17766.2,18079,2908679700,0,0,HSI,^HSI,4710041739729264519,2025-06-02 08:53:16.696166+08:00,庚子,丁丑,壬申,乙未,癸亥,戊午,癸亥,戊辰,丁卯,丁子,己亥,戊未,己酉,乙亥,癸卯,辛酉,庚午,丙寅,甲辰,戊申,2023,11,15,0,2,4,False,False,False,False,False,False,319,46,庚,子,-0.587785,-0.809017,0,1,丁,丑,0.951057,-0.309017,0.5,0.866025,壬,申,-0.951057,0.309017,-0.866025,-0.5,乙,未,0.587785,0.809017,-0.5,-0.866025,癸,亥,-0.587785,0.809017,-0.5,0.866025,戊,午,0.587785,-0.809017,1.22465e-16,-1,癸,亥,-0.587785,0.809017,-0.5,0.866025,戊,辰,0.587785,-0.809017,0.866025,-0.5,己,酉,1.22465e-16,-1,-1,-1.83697e-16,乙,亥,0.587785,0.809017,-0.5,0.866025,癸,卯,-0.587785,0.809017,1,6.12323e-17,辛,酉,-0.951057,-0.309017,-1,-1.83697e-16,庚,午,-0.587785,-0.809017,1.22465e-16,-1,丙,寅,0.951057,0.309017,0.866025,0.5,甲,辰,0,1,0.866025,-0.5,戊,申,0.587785,-0.809017,-0.866025,-0.5,長生,養,衰,沐浴,病,墓庫,臨官,冠帶,墓庫,帝旺,絕,養,胎,養,衰,絕,帝旺,冠帶,病,衰,養,死,長生,冠帶,絕,墓庫,冠帶,胎,臨官,衰,死,墓庫,冠帶,病,沐浴,養
11,2023-11-16 00:00:00+08:00,18174.7,18174.7,17722.9,17832.8,1880199400,0,0,HSI,^HSI,11788652817736134074,2025-06-02 08:53:16.696166+08:00,壬子,戊寅,癸酉,丁未,癸亥,戊午,癸亥,戊辰,己卯,戊丑,己亥,戊未,己酉,乙亥,癸卯,辛酉,庚午,丙寅,甲辰,戊申,2023,11,16,0,3,4,False,False,False,False,False,False,320,46,壬,子,-0.951057,0.309017,0,1,戊,寅,0.587785,-0.809017,0.866025,0.5,癸,酉,-0.587785,0.809017,-1,-1.83697e-16,丁,未,0.951057,-0.309017,-0.5,-0.866025,癸,亥,-0.587785,0.809017,-0.5,0.866025,戊,午,0.587785,-0.809017,1.22465e-16,-1,癸,亥,-0.587785,0.809017,-0.5,0.866025,戊,辰,0.587785,-0.809017,0.866025,-0.5,己,酉,1.22465e-16,-1,-1,-1.83697e-16,乙,亥,0.587785,0.809017,-0.5,0.866025,癸,卯,-0.587785,0.809017,1,6.12323e-17,辛,酉,-0.951057,-0.309017,-1,-1.83697e-16,庚,午,-0.587785,-0.809017,1.22465e-16,-1,丙,寅,0.951057,0.309017,0.866025,0.5,甲,辰,0,1,0.866025,-0.5,戊,申,0.587785,-0.809017,-0.866025,-0.5,長生,胎,衰,沐浴,病,墓庫,臨官,沐浴,墓庫,帝旺,絕,養,胎,長生,衰,絕,帝旺,冠帶,病,帝旺,養,死,長生,冠帶,絕,死,冠帶,胎,臨官,衰,死,絕,冠帶,病,沐浴,養
12,2023-11-17 00:00:00+08:00,17584.3,17631,17413.5,17454.2,1945034800,0,0,HSI,^HSI,6839429568626247016,2025-06-02 08:53:16.696166+08:00,甲子,己卯,甲戌,己未,癸亥,戊午,癸亥,戊辰,辛卯,己寅,己亥,戊未,己酉,乙亥,癸卯,辛酉,庚午,丙寅,甲辰,戊申,2023,11,17,0,4,4,False,False,False,False,False,False,321,46,甲,子,0,1,0,1,己,卯,1.22465e-16,-1,1,6.12323e-17,甲,戌,0,1,-0.866025,0.5,己,未,1.22465e-16,-1,-0.5,-0.866025,癸,亥,-0.587785,0.809017,-0.5,0.866025,戊,午,0.587785,-0.809017,1.22465e-16,-1,癸,亥,-0.587785,0.809017,-0.5,0.866025,戊,辰,0.587785,-0.809017,0.866025,-0.5,己,酉,1.22465e-16,-1,-1,-1.83697e-16,乙,亥,0.587785,0.809017,-0.5,0.866025,癸,卯,-0.587785,0.809017,1,6.12323e-17,辛,酉,-0.951057,-0.309017,-1,-1.83697e-16,庚,午,-0.587785,-0.809017,1.22465e-16,-1,丙,寅,0.951057,0.309017,0.866025,0.5,甲,辰,0,1,0.866025,-0.5,戊,申,0.587785,-0.809017,-0.866025,-0.5,長生,絕,衰,沐浴,病,墓庫,臨官,長生,墓庫,帝旺,絕,養,胎,沐浴,衰,絕,帝旺,冠帶,病,臨官,養,死,長生,冠帶,絕,病,冠帶,胎,臨官,衰,死,胎,冠帶,病,沐浴,養
13,2023-11-20 00:00:00+08:00,17625.8,17788.9,17532.7,17778.1,1964565600,0,0,HSI,^HSI,11836343545094407843,2025-06-02 08:53:16.696166+08:00,庚子,壬午,丁丑,乙未,癸亥,戊午,癸亥,戊辰,丁卯,壬巳,甲亥,戊未,己酉,乙亥,癸卯,辛酉,庚午,丙寅,甲辰,戊申,2023,11,20,0,0,4,False,False,False,False,False,False,324,47,庚,子,-0.587785,-0.809017,0,1,壬,午,-0.951057,0.309017,1.22465e-16,-1,丁,丑,0.951057,-0.309017,0.5,0.866025,乙,未,0.587785,0.809017,-0.5,-0.866025,癸,亥,-0.587785,0.809017,-0.5,0.866025,戊,午,0.587785,-0.809017,1.22465e-16,-1,癸,亥,-0.587785,0.809017,-0.5,0.866025,戊,辰,0.587785,-0.809017,0.866025,-0.5,己,酉,1.22465e-16,-1,-1,-1.83697e-16,乙,亥,0.587785,0.809017,-0.5,0.866025,癸,卯,-0.587785,0.809017,1,6.12323e-17,辛,酉,-0.951057,-0.309017,-1,-1.83697e-16,庚,午,-0.587785,-0.809017,1.22465e-16,-1,丙,寅,0.951057,0.309017,0.866025,0.5,甲,辰,0,1,0.866025,-0.5,戊,申,0.587785,-0.809017,-0.866025,-0.5,長生,病,衰,沐浴,病,墓庫,臨官,絕,墓庫,帝旺,絕,養,胎,帝旺,衰,絕,帝旺,冠帶,病,長生,養,死,長生,冠帶,絕,臨官,冠帶,胎,臨官,衰,死,沐浴,冠帶,病,沐浴,養
14,2023-11-21 00:00:00+08:00,17932.5,18057.6,17689,17733.9,2090432200,0,0,HSI,^HSI,12580999497515710897,2025-06-02 08:53:16.696166+08:00,壬子,癸未,戊寅,丁未,癸亥,戊午,癸亥,戊辰,己卯,癸午,乙亥,戊未,己酉,乙亥,癸卯,辛酉,庚午,丙寅,甲辰,戊申,2023,11,21,0,1,4,False,False,False,False,False,False,325,47,壬,子,-0.951057,0.309017,0,1,癸,未,-0.587785,0.809017,-0.5,-0.866025,戊,寅,0.587785,-0.809017,0.866025,0.5,丁,未,0.951057,-0.309017,-0.5,-0.866025,癸,亥,-0.587785,0.809017,-0.5,0.866025,戊,午,0.587785,-0.809017,1.22465e-16,-1,癸,亥,-0.587785,0.809017,-0.5,0.866025,戊,辰,0.587785,-0.809017,0.866025,-0.5,己,酉,1.22465e-16,-1,-1,-1.83697e-16,乙,亥,0.587785,0.809017,-0.5,0.866025,癸,卯,-0.587785,0.809017,1,6.12323e-17,辛,酉,-0.951057,-0.309017,-1,-1.83697e-16,庚,午,-0.587785,-0.809017,1.22465e-16,-1,丙,寅,0.951057,0.309017,0.866025,0.5,甲,辰,0,1,0.866025,-0.5,戊,申,0.587785,-0.809017,-0.866025,-0.5,長生,衰,衰,沐浴,病,墓庫,臨官,墓庫,墓庫,帝旺,絕,養,胎,衰,衰,絕,帝旺,冠帶,病,養,養,死,長生,冠帶,絕,冠帶,冠帶,胎,臨官,衰,死,冠帶,冠帶,病,沐浴,養
15,2023-11-22 00:00:00+08:00,17736.4,17796.9,17650.5,17734.6,1235837700,0,0,HSI,^HSI,18024392983962946139,2025-06-02 08:53:16.696166+08:00,甲子,甲申,己卯,己未,癸亥,戊午,癸亥,戊辰,辛卯,甲未,乙亥,戊未,己酉,乙亥,癸卯,辛酉,庚午,丙寅,甲辰,戊申,2023,11,22,0,2,4,False,False,False,False,False,False,326,47,甲,子,0,1,0,1,甲,申,0,1,-0.866025,-0.5,己,卯,1.22465e-16,-1,1,6.12323e-17,己,未,1.22465e-16,-1,-0.5,-0.866025,癸,亥,-0.587785,0.809017,-0.5,0.866025,戊,午,0.587785,-0.809017,1.22465e-16,-1,癸,亥,-0.587785,0.809017,-0.5,0.866025,戊,辰,0.587785,-0.809017,0.866025,-0.5,己,酉,1.22465e-16,-1,-1,-1.83697e-16,乙,亥,0.587785,0.809017,-0.5,0.866025,癸,卯,-0.587785,0.809017,1,6.12323e-17,辛,酉,-0.951057,-0.309017,-1,-1.83697e-16,庚,午,-0.587785,-0.809017,1.22465e-16,-1,丙,寅,0.951057,0.309017,0.866025,0.5,甲,辰,0,1,0.866025,-0.5,戊,申,0.587785,-0.809017,-0.866025,-0.5,長生,帝旺,衰,沐浴,病,墓庫,臨官,死,墓庫,帝旺,絕,養,胎,病,衰,絕,帝旺,冠帶,病,胎,養,死,長生,冠帶,絕,沐浴,冠帶,胎,臨官,衰,死,臨官,冠帶,病,沐浴,養
16,2023-11-23 00:00:00+08:00,17680.1,17927.4,17577.3,17910.8,1671974300,0,0,HSI,^HSI,6599180970694464863,2025-06-02 08:53:16.696166+08:00,丙子,乙酉,庚辰,辛未,戊寅,戊午,癸亥,癸未,癸卯,乙申,庚寅,戊未,己酉,乙亥,癸卯,辛酉,庚午,丙寅,甲辰,戊申,2023,11,23,0,3,4,False,False,False,False,False,False,327,47,丙,子,0.951057,0.309017,0,1,乙,酉,0.587785,0.809017,-1,-1.83697e-16,庚,辰,-0.587785,-0.809017,0.866025,-0.5,辛,未,-0.951057,-0.309017,-0.5,-0.866025,戊,寅,0.587785,-0.809017,0.866025,0.5,戊,午,0.587785,-0.809017,1.22465e-16,-1,癸,亥,-0.587785,0.809017,-0.5,0.866025,癸,未,-0.587785,0.809017,-0.5,-0.866025,己,酉,1.22465e-16,-1,-1,-1.83697e-16,乙,亥,0.587785,0.809017,-0.5,0.866025,癸,卯,-0.587785,0.809017,1,6.12323e-17,辛,酉,-0.951057,-0.309017,-1,-1.83697e-16,庚,午,-0.587785,-0.809017,1.22465e-16,-1,丙,寅,0.951057,0.309017,0.866025,0.5,甲,辰,0,1,0.866025,-0.5,戊,申,0.587785,-0.809017,-0.866025,-0.5,長生,臨官,衰,胎,病,衰,臨官,病,墓庫,沐浴,絕,墓庫,胎,死,衰,長生,帝旺,衰,病,絕,養,帝旺,長生,養,絕,長生,冠帶,死,臨官,冠帶,死,帝旺,冠帶,絕,沐浴,冠帶
17,2023-11-24 00:00:00+08:00,17771.8,17771.8,17545.6,17559.4,1298211800,0,0,HSI,^HSI,3336805418980556551,2025-06-02 08:53:16.696166+08:00,戊子,丙戌,辛巳,癸未,戊寅,戊午,癸亥,癸未,乙卯,丙酉,庚寅,戊未,己酉,乙亥,癸卯,辛酉,庚午,丙寅,甲辰,戊申,2023,11,24,0,4,4,False,False,False,False,False,False,328,47,戊,子,0.587785,-0.809017,0,1,丙,戌,0.951057,0.309017,-0.866025,0.5,辛,巳,-0.951057,-0.309017,0.5,-0.866025,癸,未,-0.587785,0.809017,-0.5,-0.866025,戊,寅,0.587785,-0.809017,0.866025,0.5,戊,午,0.587785,-0.809017,1.22465e-16,-1,癸,亥,-0.587785,0.809017,-0.5,0.866025,癸,未,-0.587785,0.809017,-0.5,-0.866025,己,酉,1.22465e-16,-1,-1,-1.83697e-16,乙,亥,0.587785,0.809017,-0.5,0.866025,癸,卯,-0.587785,0.809017,1,6.12323e-17,辛,酉,-0.951057,-0.309017,-1,-1.83697e-16,庚,午,-0.587785,-0.809017,1.22465e-16,-1,丙,寅,0.951057,0.309017,0.866025,0.5,甲,辰,0,1,0.866025,-0.5,戊,申,0.587785,-0.809017,-0.866025,-0.5,長生,冠帶,衰,胎,病,衰,臨官,衰,墓庫,沐浴,絕,墓庫,胎,墓庫,衰,長生,帝旺,衰,病,墓庫,養,帝旺,長生,養,絕,養,冠帶,死,臨官,冠帶,死,衰,冠帶,絕,沐浴,冠帶
18,2023-11-27 00:00:00+08:00,17677.5,17677.5,17358.2,17525.1,1502728300,0,0,HSI,^HSI,8405532307002666354,2025-06-02 08:53:16.696166+08:00,甲子,己丑,甲申,己未,戊寅,戊午,癸亥,癸未,辛卯,己子,辛寅,戊未,己酉,乙亥,癸卯,辛酉,庚午,丙寅,甲辰,戊申,2023,11,27,0,0,4,False,False,False,False,False,False,331,48,甲,子,0,1,0,1,己,丑,1.22465e-16,-1,0.5,0.866025,甲,申,0,1,-0.866025,-0.5,己,未,1.22465e-16,-1,-0.5,-0.866025,戊,寅,0.587785,-0.809017,0.866025,0.5,戊,午,0.587785,-0.809017,1.22465e-16,-1,癸,亥,-0.587785,0.809017,-0.5,0.866025,癸,未,-0.587785,0.809017,-0.5,-0.866025,己,酉,1.22465e-16,-1,-1,-1.83697e-16,乙,亥,0.587785,0.809017,-0.5,0.866025,癸,卯,-0.587785,0.809017,1,6.12323e-17,辛,酉,-0.951057,-0.309017,-1,-1.83697e-16,庚,午,-0.587785,-0.809017,1.22465e-16,-1,丙,寅,0.951057,0.309017,0.866025,0.5,甲,辰,0,1,0.866025,-0.5,戊,申,0.587785,-0.809017,-0.866025,-0.5,長生,養,衰,胎,病,衰,臨官,冠帶,墓庫,沐浴,絕,墓庫,胎,養,衰,長生,帝旺,衰,病,衰,養,帝旺,長生,養,絕,墓庫,冠帶,死,臨官,冠帶,死,墓庫,冠帶,絕,沐浴,冠帶
19,2023-11-28 00:00:00+08:00,17541.5,17541.5,17303.8,17354.1,1785765500,0,0,HSI,^HSI,8843393220080572643,2025-06-02 08:53:16.696166+08:00,丙子,庚寅,乙酉,辛未,戊寅,戊午,癸亥,癸未,癸卯,庚丑,辛寅,戊未,己酉,乙亥,癸卯,辛酉,庚午,丙寅,甲辰,戊申,2023,11,28,0,1,4,False,False,False,False,False,False,332,48,丙,子,0.951057,0.309017,0,1,庚,寅,-0.587785,-0.809017,0.866025,0.5,乙,酉,0.587785,0.809017,-1,-1.83697e-16,辛,未,-0.951057,-0.309017,-0.5,-0.866025,戊,寅,0.587785,-0.809017,0.866025,0.5,戊,午,0.587785,-0.809017,1.22465e-16,-1,癸,亥,-0.587785,0.809017,-0.5,0.866025,癸,未,-0.587785,0.809017,-0.5,-0.866025,己,酉,1.22465e-16,-1,-1,-1.83697e-16,乙,亥,0.587785,0.809017,-0.5,0.866025,癸,卯,-0.587785,0.809017,1,6.12323e-17,辛,酉,-0.951057,-0.309017,-1,-1.83697e-16,庚,午,-0.587785,-0.809017,1.22465e-16,-1,丙,寅,0.951057,0.309017,0.866025,0.5,甲,辰,0,1,0.866025,-0.5,戊,申,0.587785,-0.809017,-0.866025,-0.5,長生,胎,衰,胎,病,衰,臨官,沐浴,墓庫,沐浴,絕,墓庫,胎,長生,衰,長生,帝旺,衰,病,帝旺,養,帝旺,長生,養,絕,死,冠帶,死,臨官,冠帶,死,絕,冠帶,絕,沐浴,冠帶
20,2023-11-29 00:00:00+08:00,17359.1,17359.1,16882,16993.4,2810136500,0,0,HSI,^HSI,5431367763939473336,2025-06-02 08:53:16.696166+08:00,戊子,辛卯,丙戌,癸未,戊寅,戊午,癸亥,癸未,乙卯,辛寅,丙寅,戊未,己酉,乙亥,癸卯,辛酉,庚午,丙寅,甲辰,戊申,2023,11,29,0,2,4,False,False,False,False,False,False,333,48,戊,子,0.587785,-0.809017,0,1,辛,卯,-0.951057,-0.309017,1,6.12323e-17,丙,戌,0.951057,0.309017,-0.866025,0.5,癸,未,-0.587785,0.809017,-0.5,-0.866025,戊,寅,0.587785,-0.809017,0.866025,0.5,戊,午,0.587785,-0.809017,1.22465e-16,-1,癸,亥,-0.587785,0.809017,-0.5,0.866025,癸,未,-0.587785,0.809017,-0.5,-0.866025,己,酉,1.22465e-16,-1,-1,-1.83697e-16,乙,亥,0.587785,0.809017,-0.5,0.866025,癸,卯,-0.587785,0.809017,1,6.12323e-17,辛,酉,-0.951057,-0.309017,-1,-1.83697e-16,庚,午,-0.587785,-0.809017,1.22465e-16,-1,丙,寅,0.951057,0.309017,0.866025,0.5,甲,辰,0,1,0.866025,-0.5,戊,申,0.587785,-0.809017,-0.866025,-0.5,長生,絕,衰,胎,病,衰,臨官,長生,墓庫,沐浴,絕,墓庫,胎,沐浴,衰,長生,帝旺,衰,病,臨官,養,帝旺,長生,養,絕,病,冠帶,死,臨官,冠帶,死,胎,冠帶,絕,沐浴,冠帶
21,2023-11-30 00:00:00+08:00,16985.2,17068.3,16863.1,17042.9,3013993300,0,0,HSI,^HSI,1417010674775680852,2025-06-02 08:53:16.696166+08:00,庚子,壬辰,丁亥,乙未,戊寅,戊午,癸亥,癸未,丁卯,壬卯,丙寅,戊未,己酉,乙亥,癸卯,辛酉,庚午,丙寅,甲辰,戊申,2023,11,30,0,3,4,False,True,False,False,False,False,334,48,庚,子,-0.587785,-0.809017,0,1,壬,辰,-0.951057,0.309017,0.866025,-0.5,丁,亥,0.951057,-0.309017,-0.5,0.866025,乙,未,0.587785,0.809017,-0.5,-0.866025,戊,寅,0.587785,-0.809017,0.866025,0.5,戊,午,0.587785,-0.809017,1.22465e-16,-1,癸,亥,-0.587785,0.809017,-0.5,0.866025,癸,未,-0.587785,0.809017,-0.5,-0.866025,己,酉,1.22465e-16,-1,-1,-1.83697e-16,乙,亥,0.587785,0.809017,-0.5,0.866025,癸,卯,-0.587785,0.809017,1,6.12323e-17,辛,酉,-0.951057,-0.309017,-1,-1.83697e-16,庚,午,-0.587785,-0.809017,1.22465e-16,-1,丙,寅,0.951057,0.309017,0.866025,0.5,甲,辰,0,1,0.866025,-0.5,戊,申,0.587785,-0.809017,-0.866025,-0.5,長生,墓庫,衰,胎,病,衰,臨官,養,墓庫,沐浴,絕,墓庫,胎,冠帶,衰,長生,帝旺,衰,病,冠帶,養,帝旺,長生,養,絕,衰,冠帶,死,臨官,冠帶,死,養,冠帶,絕,沐浴,冠帶
22,2023-12-01 00:00:00+08:00,17019.2,17039,16830.3,16830.3,2434410800,0,0,HSI,^HSI,12617164670314528792,2025-06-02 08:53:16.696166+08:00,壬子,癸巳,戊子,丁未,戊寅,戊午,癸亥,癸未,己卯,癸辰,丙寅,戊未,己酉,乙亥,癸卯,辛酉,庚午,丙寅,甲辰,戊申,2023,12,1,0,4,4,True,False,False,False,False,False,335,48,壬,子,-0.951057,0.309017,0,1,癸,巳,-0.587785,0.809017,0.5,-0.866025,戊,子,0.587785,-0.809017,0,1,丁,未,0.951057,-0.309017,-0.5,-0.866025,戊,寅,0.587785,-0.809017,0.866025,0.5,戊,午,0.587785,-0.809017,1.22465e-16,-1,癸,亥,-0.587785,0.809017,-0.5,0.866025,癸,未,-0.587785,0.809017,-0.5,-0.866025,己,酉,1.22465e-16,-1,-1,-1.83697e-16,乙,亥,0.587785,0.809017,-0.5,0.866025,癸,卯,-0.587785,0.809017,1,6.12323e-17,辛,酉,-0.951057,-0.309017,-1,-1.83697e-16,庚,午,-0.587785,-0.809017,1.22465e-16,-1,丙,寅,0.951057,0.309017,0.866025,0.5,甲,辰,0,1,0.866025,-0.5,戊,申,0.587785,-0.809017,-0.866025,-0.5,長生,死,衰,胎,病,衰,臨官,胎,墓庫,沐浴,絕,墓庫,胎,臨官,衰,長生,帝旺,衰,病,沐浴,養,帝旺,長生,養,絕,帝旺,冠帶,死,臨官,冠帶,死,長生,冠帶,絕,沐浴,冠帶
23,2023-12-04 00:00:00+08:00,16919.1,16941.9,16617,16646.1,2476132300,0,0,HSI,^HSI,9977844935532132813,2025-06-02 08:53:16.696166+08:00,戊子,丙申,辛卯,癸未,戊寅,戊午,癸亥,癸未,乙卯,丙未,丁寅,戊未,己酉,乙亥,癸卯,辛酉,庚午,丙寅,甲辰,戊申,2023,12,4,0,0,4,False,False,False,False,False,False,338,49,戊,子,0.587785,-0.809017,0,1,丙,申,0.951057,0.309017,-0.866025,-0.5,辛,卯,-0.951057,-0.309017,1,6.12323e-17,癸,未,-0.587785,0.809017,-0.5,-0.866025,戊,寅,0.587785,-0.809017,0.866025,0.5,戊,午,0.587785,-0.809017,1.22465e-16,-1,癸,亥,-0.587785,0.809017,-0.5,0.866025,癸,未,-0.587785,0.809017,-0.5,-0.866025,己,酉,1.22465e-16,-1,-1,-1.83697e-16,乙,亥,0.587785,0.809017,-0.5,0.866025,癸,卯,-0.587785,0.809017,1,6.12323e-17,辛,酉,-0.951057,-0.309017,-1,-1.83697e-16,庚,午,-0.587785,-0.809017,1.22465e-16,-1,丙,寅,0.951057,0.309017,0.866025,0.5,甲,辰,0,1,0.866025,-0.5,戊,申,0.587785,-0.809017,-0.866025,-0.5,長生,帝旺,衰,胎,病,衰,臨官,死,墓庫,沐浴,絕,墓庫,胎,病,衰,長生,帝旺,衰,病,胎,養,帝旺,長生,養,絕,沐浴,冠帶,死,臨官,冠帶,死,臨官,冠帶,絕,沐浴,冠帶
24,2023-12-05 00:00:00+08:00,16606.5,16606.5,16228.5,16327.9,2682379700,0,0,HSI,^HSI,12140962600905889904,2025-06-02 08:53:16.696166+08:00,庚子,丁酉,壬辰,乙未,戊寅,戊午,癸亥,癸未,丁卯,丁申,壬寅,戊未,己酉,乙亥,癸卯,辛酉,庚午,丙寅,甲辰,戊申,2023,12,5,0,1,4,False,False,False,False,False,False,339,49,庚,子,-0.587785,-0.809017,0,1,丁,酉,0.951057,-0.309017,-1,-1.83697e-16,壬,辰,-0.951057,0.309017,0.866025,-0.5,乙,未,0.587785,0.809017,-0.5,-0.866025,戊,寅,0.587785,-0.809017,0.866025,0.5,戊,午,0.587785,-0.809017,1.22465e-16,-1,癸,亥,-0.587785,0.809017,-0.5,0.866025,癸,未,-0.587785,0.809017,-0.5,-0.866025,己,酉,1.22465e-16,-1,-1,-1.83697e-16,乙,亥,0.587785,0.809017,-0.5,0.866025,癸,卯,-0.587785,0.809017,1,6.12323e-17,辛,酉,-0.951057,-0.309017,-1,-1.83697e-16,庚,午,-0.587785,-0.809017,1.22465e-16,-1,丙,寅,0.951057,0.309017,0.866025,0.5,甲,辰,0,1,0.866025,-0.5,戊,申,0.587785,-0.809017,-0.866025,-0.5,長生,臨官,衰,胎,病,衰,臨官,病,墓庫,沐浴,絕,墓庫,胎,死,衰,長生,帝旺,衰,病,絕,養,帝旺,長生,養,絕,長生,冠帶,死,臨官,冠帶,死,帝旺,冠帶,絕,沐浴,冠帶
25,2023-12-06 00:00:00+08:00,16312,16600.4,16234.8,16463.3,1986768900,0,0,HSI,^HSI,6143404088064251208,2025-06-02 08:53:16.696166+08:00,壬子,戊戌,癸巳,丁未,戊寅,戊午,癸亥,癸未,己卯,戊酉,壬寅,戊未,己酉,乙亥,癸卯,辛酉,庚午,丙寅,甲辰,戊申,2023,12,6,0,2,4,False,False,False,False,False,False,340,49,壬,子,-0.951057,0.309017,0,1,戊,戌,0.587785,-0.809017,-0.866025,0.5,癸,巳,-0.587785,0.809017,0.5,-0.866025,丁,未,0.951057,-0.309017,-0.5,-0.866025,戊,寅,0.587785,-0.809017,0.866025,0.5,戊,午,0.587785,-0.809017,1.22465e-16,-1,癸,亥,-0.587785,0.809017,-0.5,0.866025,癸,未,-0.587785,0.809017,-0.5,-0.866025,己,酉,1.22465e-16,-1,-1,-1.83697e-16,乙,亥,0.587785,0.809017,-0.5,0.866025,癸,卯,-0.587785,0.809017,1,6.12323e-17,辛,酉,-0.951057,-0.309017,-1,-1.83697e-16,庚,午,-0.587785,-0.809017,1.22465e-16,-1,丙,寅,0.951057,0.309017,0.866025,0.5,甲,辰,0,1,0.866025,-0.5,戊,申,0.587785,-0.809017,-0.866025,-0.5,長生,冠帶,衰,胎,病,衰,臨官,衰,墓庫,沐浴,絕,墓庫,胎,墓庫,衰,長生,帝旺,衰,病,墓庫,養,帝旺,長生,養,絕,養,冠帶,死,臨官,冠帶,死,衰,冠帶,絕,沐浴,冠帶
26,2023-12-07 00:00:00+08:00,16376.4,16376.4,16158,16345.9,1947345700,0,0,HSI,^HSI,16449197207688936867,2025-06-02 08:53:16.696166+08:00,甲子,己亥,甲午,己未,戊寅,戊午,癸亥,癸未,辛卯,己戌,壬寅,戊未,己酉,乙亥,癸卯,辛酉,庚午,丙寅,甲辰,戊申,2023,12,7,0,3,4,False,False,False,False,False,False,341,49,甲,子,0,1,0,1,己,亥,1.22465e-16,-1,-0.5,0.866025,甲,午,0,1,1.22465e-16,-1,己,未,1.22465e-16,-1,-0.5,-0.866025,戊,寅,0.587785,-0.809017,0.866025,0.5,戊,午,0.587785,-0.809017,1.22465e-16,-1,癸,亥,-0.587785,0.809017,-0.5,0.866025,癸,未,-0.587785,0.809017,-0.5,-0.866025,己,酉,1.22465e-16,-1,-1,-1.83697e-16,乙,亥,0.587785,0.809017,-0.5,0.866025,癸,卯,-0.587785,0.809017,1,6.12323e-17,辛,酉,-0.951057,-0.309017,-1,-1.83697e-16,庚,午,-0.587785,-0.809017,1.22465e-16,-1,丙,寅,0.951057,0.309017,0.866025,0.5,甲,辰,0,1,0.866025,-0.5,戊,申,0.587785,-0.809017,-0.866025,-0.5,長生,沐浴,衰,胎,病,衰,臨官,帝旺,墓庫,沐浴,絕,墓庫,胎,絕,衰,長生,帝旺,衰,病,死,養,帝旺,長生,養,絕,胎,冠帶,死,臨官,冠帶,死,病,冠帶,絕,沐浴,冠帶
27,2023-12-08 00:00:00+08:00,16373.4,16464.1,16249.2,16334.4,1877235700,0,0,HSI,^HSI,657062526207210053,2025-06-02 08:53:16.696166+08:00,丙子,庚子,乙未,辛未,甲子,戊午,癸亥,己巳,癸卯,庚亥,甲子,戊未,己酉,乙亥,癸卯,辛酉,庚午,丙寅,甲辰,戊申,2023,12,8,0,4,4,False,False,False,False,False,False,342,49,丙,子,0.951057,0.309017,0,1,庚,子,-0.587785,-0.809017,0,1,乙,未,0.587785,0.809017,-0.5,-0.866025,辛,未,-0.951057,-0.309017,-0.5,-0.866025,甲,子,0,1,0,1,戊,午,0.587785,-0.809017,1.22465e-16,-1,癸,亥,-0.587785,0.809017,-0.5,0.866025,己,巳,1.22465e-16,-1,0.5,-0.866025,己,酉,1.22465e-16,-1,-1,-1.83697e-16,乙,亥,0.587785,0.809017,-0.5,0.866025,癸,卯,-0.587785,0.809017,1,6.12323e-17,辛,酉,-0.951057,-0.309017,-1,-1.83697e-16,庚,午,-0.587785,-0.809017,1.22465e-16,-1,丙,寅,0.951057,0.309017,0.866025,0.5,甲,辰,0,1,0.866025,-0.5,戊,申,0.587785,-0.809017,-0.866025,-0.5,長生,長生,衰,長生,病,死,臨官,臨官,墓庫,臨官,絕,胎,胎,胎,衰,胎,帝旺,臨官,病,病,養,病,長生,沐浴,絕,絕,冠帶,絕,臨官,帝旺,死,死,冠帶,死,沐浴,長生
28,2023-12-11 00:00:00+08:00,16149.1,16276.9,15972.3,16201.5,2532290600,0,0,HSI,^HSI,7633746651562982641,2025-06-02 08:53:16.696166+08:00,壬子,癸卯,戊戌,丁未,甲子,戊午,癸亥,己巳,己卯,癸寅,己子,戊未,己酉,乙亥,癸卯,辛酉,庚午,丙寅,甲辰,戊申,2023,12,11,0,0,4,False,False,False,False,False,False,345,50,壬,子,-0.951057,0.309017,0,1,癸,卯,-0.587785,0.809017,1,6.12323e-17,戊,戌,0.587785,-0.809017,-0.866025,0.5,丁,未,0.951057,-0.309017,-0.5,-0.866025,甲,子,0,1,0,1,戊,午,0.587785,-0.809017,1.22465e-16,-1,癸,亥,-0.587785,0.809017,-0.5,0.866025,己,巳,1.22465e-16,-1,0.5,-0.866025,己,酉,1.22465e-16,-1,-1,-1.83697e-16,乙,亥,0.587785,0.809017,-0.5,0.866025,癸,卯,-0.587785,0.809017,1,6.12323e-17,辛,酉,-0.951057,-0.309017,-1,-1.83697e-16,庚,午,-0.587785,-0.809017,1.22465e-16,-1,丙,寅,0.951057,0.309017,0.866025,0.5,甲,辰,0,1,0.866025,-0.5,戊,申,0.587785,-0.809017,-0.866025,-0.5,長生,絕,衰,長生,病,死,臨官,長生,墓庫,臨官,絕,胎,胎,沐浴,衰,胎,帝旺,臨官,病,臨官,養,病,長生,沐浴,絕,病,冠帶,絕,臨官,帝旺,死,胎,冠帶,死,沐浴,長生
29,2023-12-12 00:00:00+08:00,16236.1,16421,16157.7,16374.5,1980791700,0,0,HSI,^HSI,5108977410623469319,2025-06-02 08:53:16.696166+08:00,甲子,甲辰,己亥,己未,甲子,戊午,癸亥,己巳,辛卯,甲卯,己子,戊未,己酉,乙亥,癸卯,辛酉,庚午,丙寅,甲辰,戊申,2023,12,12,0,1,4,False,False,False,False,False,False,346,50,甲,子,0,1,0,1,甲,辰,0,1,0.866025,-0.5,己,亥,1.22465e-16,-1,-0.5,0.866025,己,未,1.22465e-16,-1,-0.5,-0.866025,甲,子,0,1,0,1,戊,午,0.587785,-0.809017,1.22465e-16,-1,癸,亥,-0.587785,0.809017,-0.5,0.866025,己,巳,1.22465e-16,-1,0.5,-0.866025,己,酉,1.22465e-16,-1,-1,-1.83697e-16,乙,亥,0.587785,0.809017,-0.5,0.866025,癸,卯,-0.587785,0.809017,1,6.12323e-17,辛,酉,-0.951057,-0.309017,-1,-1.83697e-16,庚,午,-0.587785,-0.809017,1.22465e-16,-1,丙,寅,0.951057,0.309017,0.866025,0.5,甲,辰,0,1,0.866025,-0.5,戊,申,0.587785,-0.809017,-0.866025,-0.5,長生,墓庫,衰,長生,病,死,臨官,養,墓庫,臨官,絕,胎,胎,冠帶,衰,胎,帝旺,臨官,病,冠帶,養,病,長生,沐浴,絕,衰,冠帶,絕,臨官,帝旺,死,養,冠帶,死,沐浴,長生
30,2023-12-13 00:00:00+08:00,16311.7,16327,16145.2,16228.8,1863333100,0,0,HSI,^HSI,13059141286950292690,2025-06-02 08:53:16.696166+08:00,丙子,乙巳,庚子,辛未,甲子,戊午,癸亥,己巳,癸卯,乙辰,己子,戊寅,己酉,乙亥,癸卯,辛酉,庚午,丙寅,甲辰,戊申,2023,12,13,0,2,4,False,False,False,False,False,False,347,50,丙,子,0.951057,0.309017,0,1,乙,巳,0.587785,0.809017,0.5,-0.866025,庚,子,-0.587785,-0.809017,0,1,辛,未,-0.951057,-0.309017,-0.5,-0.866025,甲,子,0,1,0,1,戊,午,0.587785,-0.809017,1.22465e-16,-1,癸,亥,-0.587785,0.809017,-0.5,0.866025,己,巳,1.22465e-16,-1,0.5,-0.866025,己,酉,1.22465e-16,-1,-1,-1.83697e-16,乙,亥,0.587785,0.809017,-0.5,0.866025,癸,卯,-0.587785,0.809017,1,6.12323e-17,辛,酉,-0.951057,-0.309017,-1,-1.83697e-16,庚,午,-0.587785,-0.809017,1.22465e-16,-1,丙,寅,0.951057,0.309017,0.866025,0.5,甲,辰,0,1,0.866025,-0.5,戊,申,0.587785,-0.809017,-0.866025,-0.5,長生,死,衰,長生,病,死,臨官,胎,墓庫,臨官,絕,胎,胎,臨官,衰,胎,帝旺,臨官,病,沐浴,養,病,長生,沐浴,絕,帝旺,冠帶,絕,臨官,帝旺,死,長生,冠帶,死,沐浴,長生
31,2023-12-14 00:00:00+08:00,16419.7,16577.8,16319.2,16402.2,2341652000,0,0,HSI,^HSI,9123336012194241483,2025-06-02 08:53:16.696166+08:00,戊子,丙午,辛丑,癸未,甲子,戊午,癸亥,己巳,乙卯,丙巳,庚子,戊寅,己酉,乙亥,癸卯,辛酉,庚午,丙寅,甲辰,戊申,2023,12,14,0,3,4,False,False,False,False,False,False,348,50,戊,子,0.587785,-0.809017,0,1,丙,午,0.951057,0.309017,1.22465e-16,-1,辛,丑,-0.951057,-0.309017,0.5,0.866025,癸,未,-0.587785,0.809017,-0.5,-0.866025,甲,子,0,1,0,1,戊,午,0.587785,-0.809017,1.22465e-16,-1,癸,亥,-0.587785,0.809017,-0.5,0.866025,己,巳,1.22465e-16,-1,0.5,-0.866025,己,酉,1.22465e-16,-1,-1,-1.83697e-16,乙,亥,0.587785,0.809017,-0.5,0.866025,癸,卯,-0.587785,0.809017,1,6.12323e-17,辛,酉,-0.951057,-0.309017,-1,-1.83697e-16,庚,午,-0.587785,-0.809017,1.22465e-16,-1,丙,寅,0.951057,0.309017,0.866025,0.5,甲,辰,0,1,0.866025,-0.5,戊,申,0.587785,-0.809017,-0.866025,-0.5,長生,病,衰,長生,病,死,臨官,絕,墓庫,臨官,絕,胎,胎,帝旺,衰,胎,帝旺,臨官,病,長生,養,病,長生,沐浴,絕,臨官,冠帶,絕,臨官,帝旺,死,沐浴,冠帶,死,沐浴,長生
32,2023-12-15 00:00:00+08:00,16610.7,16964.3,16610.7,16792.2,3900268500,0,0,HSI,^HSI,14078097646934466211,2025-06-02 08:53:16.696166+08:00,庚子,丁未,壬寅,乙未,甲子,戊午,癸亥,己巳,丁卯,丁午,庚子,戊寅,己酉,乙亥,癸卯,辛酉,庚午,丙寅,甲辰,戊申,2023,12,15,0,4,4,False,False,False,False,False,False,349,50,庚,子,-0.587785,-0.809017,0,1,丁,未,0.951057,-0.309017,-0.5,-0.866025,壬,寅,-0.951057,0.309017,0.866025,0.5,乙,未,0.587785,0.809017,-0.5,-0.866025,甲,子,0,1,0,1,戊,午,0.587785,-0.809017,1.22465e-16,-1,癸,亥,-0.587785,0.809017,-0.5,0.866025,己,巳,1.22465e-16,-1,0.5,-0.866025,己,酉,1.22465e-16,-1,-1,-1.83697e-16,乙,亥,0.587785,0.809017,-0.5,0.866025,癸,卯,-0.587785,0.809017,1,6.12323e-17,辛,酉,-0.951057,-0.309017,-1,-1.83697e-16,庚,午,-0.587785,-0.809017,1.22465e-16,-1,丙,寅,0.951057,0.309017,0.866025,0.5,甲,辰,0,1,0.866025,-0.5,戊,申,0.587785,-0.809017,-0.866025,-0.5,長生,衰,衰,長生,病,死,臨官,墓庫,墓庫,臨官,絕,胎,胎,衰,衰,胎,帝旺,臨官,病,養,養,病,長生,沐浴,絕,冠帶,冠帶,絕,臨官,帝旺,死,冠帶,冠帶,死,沐浴,長生
33,2023-12-18 00:00:00+08:00,16669.8,16713.4,16572.9,16629.2,1566620000,0,0,HSI,^HSI,4352912128229066127,2025-06-02 08:53:16.696166+08:00,丙子,庚戌,乙巳,辛未,甲子,戊午,癸亥,己巳,癸卯,庚酉,乙子,戊寅,己酉,乙亥,癸卯,辛酉,庚午,丙寅,甲辰,戊申,2023,12,18,0,0,4,False,False,False,False,False,False,352,51,丙,子,0.951057,0.309017,0,1,庚,戌,-0.587785,-0.809017,-0.866025,0.5,乙,巳,0.587785,0.809017,0.5,-0.866025,辛,未,-0.951057,-0.309017,-0.5,-0.866025,甲,子,0,1,0,1,戊,午,0.587785,-0.809017,1.22465e-16,-1,癸,亥,-0.587785,0.809017,-0.5,0.866025,己,巳,1.22465e-16,-1,0.5,-0.866025,己,酉,1.22465e-16,-1,-1,-1.83697e-16,乙,亥,0.587785,0.809017,-0.5,0.866025,癸,卯,-0.587785,0.809017,1,6.12323e-17,辛,酉,-0.951057,-0.309017,-1,-1.83697e-16,庚,午,-0.587785,-0.809017,1.22465e-16,-1,丙,寅,0.951057,0.309017,0.866025,0.5,甲,辰,0,1,0.866025,-0.5,戊,申,0.587785,-0.809017,-0.866025,-0.5,長生,冠帶,衰,長生,病,死,臨官,衰,墓庫,臨官,絕,胎,胎,墓庫,衰,胎,帝旺,臨官,病,墓庫,養,病,長生,沐浴,絕,養,冠帶,絕,臨官,帝旺,死,衰,冠帶,死,沐浴,長生
34,2023-12-19 00:00:00+08:00,16551.4,16579.6,16408,16505,1521452800,0,0,HSI,^HSI,5226963825045049112,2025-06-02 08:53:16.696166+08:00,戊子,辛亥,丙午,癸未,甲子,戊午,癸亥,己巳,乙卯,辛戌,乙子,戊寅,己酉,乙亥,癸卯,辛酉,庚午,丙寅,甲辰,戊申,2023,12,19,0,1,4,False,False,False,False,False,False,353,51,戊,子,0.587785,-0.809017,0,1,辛,亥,-0.951057,-0.309017,-0.5,0.866025,丙,午,0.951057,0.309017,1.22465e-16,-1,癸,未,-0.587785,0.809017,-0.5,-0.866025,甲,子,0,1,0,1,戊,午,0.587785,-0.809017,1.22465e-16,-1,癸,亥,-0.587785,0.809017,-0.5,0.866025,己,巳,1.22465e-16,-1,0.5,-0.866025,己,酉,1.22465e-16,-1,-1,-1.83697e-16,乙,亥,0.587785,0.809017,-0.5,0.866025,癸,卯,-0.587785,0.809017,1,6.12323e-17,辛,酉,-0.951057,-0.309017,-1,-1.83697e-16,庚,午,-0.587785,-0.809017,1.22465e-16,-1,丙,寅,0.951057,0.309017,0.866025,0.5,甲,辰,0,1,0.866025,-0.5,戊,申,0.587785,-0.809017,-0.866025,-0.5,長生,沐浴,衰,長生,病,死,臨官,帝旺,墓庫,臨官,絕,胎,胎,絕,衰,胎,帝旺,臨官,病,死,養,病,長生,沐浴,絕,胎,冠帶,絕,臨官,帝旺,死,病,冠帶,死,沐浴,長生
35,2023-12-20 00:00:00+08:00,16647.9,16741.1,16549.5,16613.8,1647320700,0,0,HSI,^HSI,10689939870371320215,2025-06-02 08:53:16.696166+08:00,庚子,壬子,丁未,乙未,甲子,戊午,癸亥,己巳,丁卯,壬亥,丙子,戊寅,己酉,乙亥,癸卯,辛酉,庚午,丙寅,甲辰,戊申,2023,12,20,0,2,4,False,False,False,False,False,False,354,51,庚,子,-0.587785,-0.809017,0,1,壬,子,-0.951057,0.309017,0,1,丁,未,0.951057,-0.309017,-0.5,-0.866025,乙,未,0.587785,0.809017,-0.5,-0.866025,甲,子,0,1,0,1,戊,午,0.587785,-0.809017,1.22465e-16,-1,癸,亥,-0.587785,0.809017,-0.5,0.866025,己,巳,1.22465e-16,-1,0.5,-0.866025,己,酉,1.22465e-16,-1,-1,-1.83697e-16,乙,亥,0.587785,0.809017,-0.5,0.866025,癸,卯,-0.587785,0.809017,1,6.12323e-17,辛,酉,-0.951057,-0.309017,-1,-1.83697e-16,庚,午,-0.587785,-0.809017,1.22465e-16,-1,丙,寅,0.951057,0.309017,0.866025,0.5,甲,辰,0,1,0.866025,-0.5,戊,申,0.587785,-0.809017,-0.866025,-0.5,長生,長生,衰,長生,病,死,臨官,臨官,墓庫,臨官,絕,胎,胎,胎,衰,胎,帝旺,臨官,病,病,養,病,長生,沐浴,絕,絕,冠帶,絕,臨官,帝旺,死,死,冠帶,死,沐浴,長生
36,2023-12-21 00:00:00+08:00,16455.1,16649.6,16444.7,16621.1,1404417200,0,0,HSI,^HSI,13334729805693062584,2025-06-02 08:53:16.696166+08:00,壬子,癸丑,戊申,丁未,甲子,戊午,癸亥,己巳,己卯,癸子,丙子,戊寅,己酉,乙亥,癸卯,辛酉,庚午,丙寅,甲辰,戊申,2023,12,21,0,3,4,False,False,False,False,False,False,355,51,壬,子,-0.951057,0.309017,0,1,癸,丑,-0.587785,0.809017,0.5,0.866025,戊,申,0.587785,-0.809017,-0.866025,-0.5,丁,未,0.951057,-0.309017,-0.5,-0.866025,甲,子,0,1,0,1,戊,午,0.587785,-0.809017,1.22465e-16,-1,癸,亥,-0.587785,0.809017,-0.5,0.866025,己,巳,1.22465e-16,-1,0.5,-0.866025,己,酉,1.22465e-16,-1,-1,-1.83697e-16,乙,亥,0.587785,0.809017,-0.5,0.866025,癸,卯,-0.587785,0.809017,1,6.12323e-17,辛,酉,-0.951057,-0.309017,-1,-1.83697e-16,庚,午,-0.587785,-0.809017,1.22465e-16,-1,丙,寅,0.951057,0.309017,0.866025,0.5,甲,辰,0,1,0.866025,-0.5,戊,申,0.587785,-0.809017,-0.866025,-0.5,長生,養,衰,長生,病,死,臨官,冠帶,墓庫,臨官,絕,胎,胎,養,衰,胎,帝旺,臨官,病,衰,養,病,長生,沐浴,絕,墓庫,冠帶,絕,臨官,帝旺,死,墓庫,冠帶,死,沐浴,長生
37,2023-12-22 00:00:00+08:00,16743.1,16857.8,16271.5,16340.4,2197553900,0,0,HSI,^HSI,12859171844736728518,2025-06-02 08:53:16.696166+08:00,甲子,甲寅,己酉,己未,甲子,戊午,癸亥,己巳,辛卯,甲丑,丙子,戊寅,己酉,乙亥,癸卯,辛酉,庚午,丙寅,甲辰,戊申,2023,12,22,0,4,4,False,False,False,False,False,False,356,51,甲,子,0,1,0,1,甲,寅,0,1,0.866025,0.5,己,酉,1.22465e-16,-1,-1,-1.83697e-16,己,未,1.22465e-16,-1,-0.5,-0.866025,甲,子,0,1,0,1,戊,午,0.587785,-0.809017,1.22465e-16,-1,癸,亥,-0.587785,0.809017,-0.5,0.866025,己,巳,1.22465e-16,-1,0.5,-0.866025,己,酉,1.22465e-16,-1,-1,-1.83697e-16,乙,亥,0.587785,0.809017,-0.5,0.866025,癸,卯,-0.587785,0.809017,1,6.12323e-17,辛,酉,-0.951057,-0.309017,-1,-1.83697e-16,庚,午,-0.587785,-0.809017,1.22465e-16,-1,丙,寅,0.951057,0.309017,0.866025,0.5,甲,辰,0,1,0.866025,-0.5,戊,申,0.587785,-0.809017,-0.866025,-0.5,長生,胎,衰,長生,病,死,臨官,沐浴,墓庫,臨官,絕,胎,胎,長生,衰,胎,帝旺,臨官,病,帝旺,養,病,長生,沐浴,絕,死,冠帶,絕,臨官,帝旺,死,絕,冠帶,死,沐浴,長生
38,2023-12-27 00:00:00+08:00,16561.8,16673.6,16439.3,16624.8,2228051300,0,0,HSI,^HSI,14515336906128991714,2025-06-02 08:53:16.696166+08:00,甲子,己未,甲寅,己未,己卯,戊午,癸亥,甲申,辛卯,己午,壬卯,戊寅,己酉,乙亥,癸卯,辛酉,庚午,丙寅,甲辰,戊申,2023,12,27,0,2,4,False,False,False,False,False,False,361,52,甲,子,0,1,0,1,己,未,1.22465e-16,-1,-0.5,-0.866025,甲,寅,0,1,0.866025,0.5,己,未,1.22465e-16,-1,-0.5,-0.866025,己,卯,1.22465e-16,-1,1,6.12323e-17,戊,午,0.587785,-0.809017,1.22465e-16,-1,癸,亥,-0.587785,0.809017,-0.5,0.866025,甲,申,0,1,-0.866025,-0.5,己,酉,1.22465e-16,-1,-1,-1.83697e-16,乙,亥,0.587785,0.809017,-0.5,0.866025,癸,卯,-0.587785,0.809017,1,6.12323e-17,辛,酉,-0.951057,-0.309017,-1,-1.83697e-16,庚,午,-0.587785,-0.809017,1.22465e-16,-1,丙,寅,0.951057,0.309017,0.866025,0.5,甲,辰,0,1,0.866025,-0.5,戊,申,0.587785,-0.809017,-0.866025,-0.5,長生,衰,衰,絕,病,帝旺,臨官,墓庫,墓庫,長生,絕,死,胎,衰,衰,沐浴,帝旺,病,病,養,養,臨官,長生,胎,絕,冠帶,冠帶,病,臨官,沐浴,死,冠帶,冠帶,胎,沐浴,臨官
39,2023-12-28 00:00:00+08:00,16678.2,17086.1,16644.4,17043.5,2301329400,0,0,HSI,^HSI,11407294337776713765,2025-06-02 08:53:16.696166+08:00,丙子,庚申,乙卯,辛未,己卯,戊午,癸亥,甲申,癸卯,庚未,壬卯,戊寅,己酉,乙亥,癸卯,辛酉,庚午,丙寅,甲辰,戊申,2023,12,28,0,3,4,False,False,False,False,False,False,362,52,丙,子,0.951057,0.309017,0,1,庚,申,-0.587785,-0.809017,-0.866025,-0.5,乙,卯,0.587785,0.809017,1,6.12323e-17,辛,未,-0.951057,-0.309017,-0.5,-0.866025,己,卯,1.22465e-16,-1,1,6.12323e-17,戊,午,0.587785,-0.809017,1.22465e-16,-1,癸,亥,-0.587785,0.809017,-0.5,0.866025,甲,申,0,1,-0.866025,-0.5,己,酉,1.22465e-16,-1,-1,-1.83697e-16,乙,亥,0.587785,0.809017,-0.5,0.866025,癸,卯,-0.587785,0.809017,1,6.12323e-17,辛,酉,-0.951057,-0.309017,-1,-1.83697e-16,庚,午,-0.587785,-0.809017,1.22465e-16,-1,丙,寅,0.951057,0.309017,0.866025,0.5,甲,辰,0,1,0.866025,-0.5,戊,申,0.587785,-0.809017,-0.866025,-0.5,長生,帝旺,衰,絕,病,帝旺,臨官,死,墓庫,長生,絕,死,胎,病,衰,沐浴,帝旺,病,病,胎,養,臨官,長生,胎,絕,沐浴,冠帶,病,臨官,沐浴,死,臨官,冠帶,胎,沐浴,臨官
40,2023-12-29 00:00:00+08:00,17066.5,17095.1,16950.9,17047.4,1570053000,0,0,HSI,^HSI,10618039068500931806,2025-06-02 08:53:16.696166+08:00,戊子,辛酉,丙辰,癸未,己卯,戊午,癸亥,甲申,乙卯,辛申,丁卯,戊寅,己酉,乙亥,癸卯,辛酉,庚午,丙寅,甲辰,戊申,2023,12,29,0,4,4,False,False,False,False,False,False,363,52,戊,子,0.587785,-0.809017,0,1,辛,酉,-0.951057,-0.309017,-1,-1.83697e-16,丙,辰,0.951057,0.309017,0.866025,-0.5,癸,未,-0.587785,0.809017,-0.5,-0.866025,己,卯,1.22465e-16,-1,1,6.12323e-17,戊,午,0.587785,-0.809017,1.22465e-16,-1,癸,亥,-0.587785,0.809017,-0.5,0.866025,甲,申,0,1,-0.866025,-0.5,己,酉,1.22465e-16,-1,-1,-1.83697e-16,乙,亥,0.587785,0.809017,-0.5,0.866025,癸,卯,-0.587785,0.809017,1,6.12323e-17,辛,酉,-0.951057,-0.309017,-1,-1.83697e-16,庚,午,-0.587785,-0.809017,1.22465e-16,-1,丙,寅,0.951057,0.309017,0.866025,0.5,甲,辰,0,1,0.866025,-0.5,戊,申,0.587785,-0.809017,-0.866025,-0.5,長生,臨官,衰,絕,病,帝旺,臨官,病,墓庫,長生,絕,死,胎,死,衰,沐浴,帝旺,病,病,絕,養,臨官,長生,胎,絕,長生,冠帶,病,臨官,沐浴,死,帝旺,冠帶,胎,沐浴,臨官
41,2024-01-02 00:00:00+08:00,17135.1,17135.1,16725.3,16788.6,1720670000,0,0,HSI,^HSI,15494423400184301487,2025-06-02 08:53:16.696166+08:00,丙子,乙丑,庚申,辛未,己卯,戊午,癸亥,甲申,癸卯,乙子,甲子,戊寅,己酉,乙亥,癸卯,辛酉,庚午,丙寅,甲辰,戊申,2024,1,2,0,1,1,False,False,False,False,False,False,2,1,丙,子,0.951057,0.309017,0,1,乙,丑,0.587785,0.809017,0.5,0.866025,庚,申,-0.587785,-0.809017,-0.866025,-0.5,辛,未,-0.951057,-0.309017,-0.5,-0.866025,己,卯,1.22465e-16,-1,1,6.12323e-17,戊,午,0.587785,-0.809017,1.22465e-16,-1,癸,亥,-0.587785,0.809017,-0.5,0.866025,甲,申,0,1,-0.866025,-0.5,己,酉,1.22465e-16,-1,-1,-1.83697e-16,乙,亥,0.587785,0.809017,-0.5,0.866025,癸,卯,-0.587785,0.809017,1,6.12323e-17,辛,酉,-0.951057,-0.309017,-1,-1.83697e-16,庚,午,-0.587785,-0.809017,1.22465e-16,-1,丙,寅,0.951057,0.309017,0.866025,0.5,甲,辰,0,1,0.866025,-0.5,戊,申,0.587785,-0.809017,-0.866025,-0.5,長生,養,衰,絕,病,帝旺,臨官,冠帶,墓庫,長生,絕,死,胎,養,衰,沐浴,帝旺,病,病,衰,養,臨官,長生,胎,絕,墓庫,冠帶,病,臨官,沐浴,死,墓庫,冠帶,胎,沐浴,臨官
42,2024-01-03 00:00:00+08:00,16624.9,16657.5,16564.8,16646.4,1577461700,0,0,HSI,^HSI,2346296605749141124,2025-06-02 08:53:16.696166+08:00,戊子,丙寅,辛酉,癸未,己卯,戊午,癸亥,甲申,乙卯,丙丑,甲子,戊寅,己酉,乙亥,癸卯,辛酉,庚午,丙寅,甲辰,戊申,2024,1,3,0,2,1,False,False,False,False,False,False,3,1,戊,子,0.587785,-0.809017,0,1,丙,寅,0.951057,0.309017,0.866025,0.5,辛,酉,-0.951057,-0.309017,-1,-1.83697e-16,癸,未,-0.587785,0.809017,-0.5,-0.866025,己,卯,1.22465e-16,-1,1,6.12323e-17,戊,午,0.587785,-0.809017,1.22465e-16,-1,癸,亥,-0.587785,0.809017,-0.5,0.866025,甲,申,0,1,-0.866025,-0.5,己,酉,1.22465e-16,-1,-1,-1.83697e-16,乙,亥,0.587785,0.809017,-0.5,0.866025,癸,卯,-0.587785,0.809017,1,6.12323e-17,辛,酉,-0.951057,-0.309017,-1,-1.83697e-16,庚,午,-0.587785,-0.809017,1.22465e-16,-1,丙,寅,0.951057,0.309017,0.866025,0.5,甲,辰,0,1,0.866025,-0.5,戊,申,0.587785,-0.809017,-0.866025,-0.5,長生,胎,衰,絕,病,帝旺,臨官,沐浴,墓庫,長生,絕,死,胎,長生,衰,沐浴,帝旺,病,病,帝旺,養,臨官,長生,胎,絕,死,冠帶,病,臨官,沐浴,死,絕,冠帶,胎,沐浴,臨官
43,2024-01-04 00:00:00+08:00,16673.4,16673.4,16516.3,16646,1789349300,0,0,HSI,^HSI,7384158979078095637,2025-06-02 08:53:16.696166+08:00,庚子,丁卯,壬戌,乙未,己卯,戊午,癸亥,甲申,丁卯,丁寅,甲子,戊寅,己酉,乙亥,癸卯,辛酉,庚午,丙寅,甲辰,戊申,2024,1,4,0,3,1,False,False,False,False,False,False,4,1,庚,子,-0.587785,-0.809017,0,1,丁,卯,0.951057,-0.309017,1,6.12323e-17,壬,戌,-0.951057,0.309017,-0.866025,0.5,乙,未,0.587785,0.809017,-0.5,-0.866025,己,卯,1.22465e-16,-1,1,6.12323e-17,戊,午,0.587785,-0.809017,1.22465e-16,-1,癸,亥,-0.587785,0.809017,-0.5,0.866025,甲,申,0,1,-0.866025,-0.5,己,酉,1.22465e-16,-1,-1,-1.83697e-16,乙,亥,0.587785,0.809017,-0.5,0.866025,癸,卯,-0.587785,0.809017,1,6.12323e-17,辛,酉,-0.951057,-0.309017,-1,-1.83697e-16,庚,午,-0.587785,-0.809017,1.22465e-16,-1,丙,寅,0.951057,0.309017,0.866025,0.5,甲,辰,0,1,0.866025,-0.5,戊,申,0.587785,-0.809017,-0.866025,-0.5,長生,絕,衰,絕,病,帝旺,臨官,長生,墓庫,長生,絕,死,胎,沐浴,衰,沐浴,帝旺,病,病,臨官,養,臨官,長生,胎,絕,病,冠帶,病,臨官,沐浴,死,胎,冠帶,胎,沐浴,臨官
44,2024-01-05 00:00:00+08:00,16573.1,16745.7,16455.6,16535.3,1936599800,0,0,HSI,^HSI,4381008902089766122,2025-06-02 08:53:16.696166+08:00,壬子,戊辰,癸亥,丁未,己卯,戊午,癸亥,甲申,己卯,戊卯,甲子,戊寅,己酉,乙亥,癸卯,辛酉,庚午,丙寅,甲辰,戊申,2024,1,5,0,4,1,False,False,False,False,False,False,5,1,壬,子,-0.951057,0.309017,0,1,戊,辰,0.587785,-0.809017,0.866025,-0.5,癸,亥,-0.587785,0.809017,-0.5,0.866025,丁,未,0.951057,-0.309017,-0.5,-0.866025,己,卯,1.22465e-16,-1,1,6.12323e-17,戊,午,0.587785,-0.809017,1.22465e-16,-1,癸,亥,-0.587785,0.809017,-0.5,0.866025,甲,申,0,1,-0.866025,-0.5,己,酉,1.22465e-16,-1,-1,-1.83697e-16,乙,亥,0.587785,0.809017,-0.5,0.866025,癸,卯,-0.587785,0.809017,1,6.12323e-17,辛,酉,-0.951057,-0.309017,-1,-1.83697e-16,庚,午,-0.587785,-0.809017,1.22465e-16,-1,丙,寅,0.951057,0.309017,0.866025,0.5,甲,辰,0,1,0.866025,-0.5,戊,申,0.587785,-0.809017,-0.866025,-0.5,長生,墓庫,衰,絕,病,帝旺,臨官,養,墓庫,長生,絕,死,胎,冠帶,衰,沐浴,帝旺,病,病,冠帶,養,臨官,長生,胎,絕,衰,冠帶,病,臨官,沐浴,死,養,冠帶,胎,沐浴,臨官
45,2024-01-08 00:00:00+08:00,16581.9,16592.1,16144.6,16224.5,2227172000,0,0,HSI,^HSI,9582961947802745391,2025-06-02 08:53:16.696166+08:00,戊子,辛未,丙寅,癸未,乙丑,戊午,癸亥,庚午,乙卯,辛午,甲辰,戊寅,己酉,乙亥,癸卯,辛酉,庚午,丙寅,甲辰,戊申,2024,1,8,0,0,1,False,False,False,False,False,False,8,2,戊,子,0.587785,-0.809017,0,1,辛,未,-0.951057,-0.309017,-0.5,-0.866025,丙,寅,0.951057,0.309017,0.866025,0.5,癸,未,-0.587785,0.809017,-0.5,-0.866025,乙,丑,0.587785,0.809017,0.5,0.866025,戊,午,0.587785,-0.809017,1.22465e-16,-1,癸,亥,-0.587785,0.809017,-0.5,0.866025,庚,午,-0.587785,-0.809017,1.22465e-16,-1,己,酉,1.22465e-16,-1,-1,-1.83697e-16,乙,亥,0.587785,0.809017,-0.5,0.866025,癸,卯,-0.587785,0.809017,1,6.12323e-17,辛,酉,-0.951057,-0.309017,-1,-1.83697e-16,庚,午,-0.587785,-0.809017,1.22465e-16,-1,丙,寅,0.951057,0.309017,0.866025,0.5,甲,辰,0,1,0.866025,-0.5,戊,申,0.587785,-0.809017,-0.866025,-0.5,長生,衰,衰,養,病,病,臨官,墓庫,墓庫,冠帶,絕,絕,胎,衰,衰,養,帝旺,帝旺,病,養,養,衰,長生,長生,絕,冠帶,冠帶,墓庫,臨官,臨官,死,冠帶,冠帶,墓庫,沐浴,沐浴
46,2024-01-09 00:00:00+08:00,16256.1,16414.8,16190,16190,1937380500,0,0,HSI,^HSI,10932839261228116665,2025-06-02 08:53:16.696166+08:00,庚子,壬申,丁卯,乙未,乙丑,戊午,癸亥,庚午,丁卯,壬未,甲辰,戊寅,己酉,乙亥,癸卯,辛酉,庚午,丙寅,甲辰,戊申,2024,1,9,0,1,1,False,False,False,False,False,False,9,2,庚,子,-0.587785,-0.809017,0,1,壬,申,-0.951057,0.309017,-0.866025,-0.5,丁,卯,0.951057,-0.309017,1,6.12323e-17,乙,未,0.587785,0.809017,-0.5,-0.866025,乙,丑,0.587785,0.809017,0.5,0.866025,戊,午,0.587785,-0.809017,1.22465e-16,-1,癸,亥,-0.587785,0.809017,-0.5,0.866025,庚,午,-0.587785,-0.809017,1.22465e-16,-1,己,酉,1.22465e-16,-1,-1,-1.83697e-16,乙,亥,0.587785,0.809017,-0.5,0.866025,癸,卯,-0.587785,0.809017,1,6.12323e-17,辛,酉,-0.951057,-0.309017,-1,-1.83697e-16,庚,午,-0.587785,-0.809017,1.22465e-16,-1,丙,寅,0.951057,0.309017,0.866025,0.5,甲,辰,0,1,0.866025,-0.5,戊,申,0.587785,-0.809017,-0.866025,-0.5,長生,帝旺,衰,養,病,病,臨官,死,墓庫,冠帶,絕,絕,胎,病,衰,養,帝旺,帝旺,病,胎,養,衰,長生,長生,絕,沐浴,冠帶,墓庫,臨官,臨官,死,臨官,冠帶,墓庫,沐浴,沐浴
47,2024-01-10 00:00:00+08:00,16144,16247.3,16036.4,16097.3,1788113700,0,0,HSI,^HSI,6708094812510054602,2025-06-02 08:53:16.696166+08:00,壬子,癸酉,戊辰,丁未,乙丑,戊午,癸亥,庚午,己卯,癸申,甲辰,戊寅,己酉,乙亥,癸卯,辛酉,庚午,丙寅,甲辰,戊申,2024,1,10,0,2,1,False,False,False,False,False,False,10,2,壬,子,-0.951057,0.309017,0,1,癸,酉,-0.587785,0.809017,-1,-1.83697e-16,戊,辰,0.587785,-0.809017,0.866025,-0.5,丁,未,0.951057,-0.309017,-0.5,-0.866025,乙,丑,0.587785,0.809017,0.5,0.866025,戊,午,0.587785,-0.809017,1.22465e-16,-1,癸,亥,-0.587785,0.809017,-0.5,0.866025,庚,午,-0.587785,-0.809017,1.22465e-16,-1,己,酉,1.22465e-16,-1,-1,-1.83697e-16,乙,亥,0.587785,0.809017,-0.5,0.866025,癸,卯,-0.587785,0.809017,1,6.12323e-17,辛,酉,-0.951057,-0.309017,-1,-1.83697e-16,庚,午,-0.587785,-0.809017,1.22465e-16,-1,丙,寅,0.951057,0.309017,0.866025,0.5,甲,辰,0,1,0.866025,-0.5,戊,申,0.587785,-0.809017,-0.866025,-0.5,長生,臨官,衰,養,病,病,臨官,病,墓庫,冠帶,絕,絕,胎,死,衰,養,帝旺,帝旺,病,絕,養,衰,長生,長生,絕,長生,冠帶,墓庫,臨官,臨官,死,帝旺,冠帶,墓庫,沐浴,沐浴
48,2024-01-11 00:00:00+08:00,16154.2,16459.9,16106.8,16302,1970866100,0,0,HSI,^HSI,2245103727656253120,2025-06-02 08:53:16.696166+08:00,甲子,甲戌,己巳,己未,乙丑,戊午,癸亥,庚午,辛卯,甲酉,甲辰,戊寅,己酉,乙亥,癸卯,辛酉,庚午,丙寅,甲辰,戊申,2024,1,11,0,3,1,False,False,False,False,False,False,11,2,甲,子,0,1,0,1,甲,戌,0,1,-0.866025,0.5,己,巳,1.22465e-16,-1,0.5,-0.866025,己,未,1.22465e-16,-1,-0.5,-0.866025,乙,丑,0.587785,0.809017,0.5,0.866025,戊,午,0.587785,-0.809017,1.22465e-16,-1,癸,亥,-0.587785,0.809017,-0.5,0.866025,庚,午,-0.587785,-0.809017,1.22465e-16,-1,己,酉,1.22465e-16,-1,-1,-1.83697e-16,乙,亥,0.587785,0.809017,-0.5,0.866025,癸,卯,-0.587785,0.809017,1,6.12323e-17,辛,酉,-0.951057,-0.309017,-1,-1.83697e-16,庚,午,-0.587785,-0.809017,1.22465e-16,-1,丙,寅,0.951057,0.309017,0.866025,0.5,甲,辰,0,1,0.866025,-0.5,戊,申,0.587785,-0.809017,-0.866025,-0.5,長生,冠帶,衰,養,病,病,臨官,衰,墓庫,冠帶,絕,絕,胎,墓庫,衰,養,帝旺,帝旺,病,墓庫,養,衰,長生,長生,絕,養,冠帶,墓庫,臨官,臨官,死,衰,冠帶,墓庫,沐浴,沐浴
49,2024-01-12 00:00:00+08:00,16217,16393.7,16185.9,16244.6,1534599800,0,0,HSI,^HSI,14647000333076233720,2025-06-02 08:53:16.696166+08:00,丙子,乙亥,庚午,辛未,乙丑,戊午,癸亥,庚午,癸卯,乙戌,甲辰,戊寅,己酉,乙亥,癸卯,辛酉,庚午,丙寅,甲辰,戊申,2024,1,12,0,4,1,False,False,False,False,False,False,12,2,丙,子,0.951057,0.309017,0,1,乙,亥,0.587785,0.809017,-0.5,0.866025,庚,午,-0.587785,-0.809017,1.22465e-16,-1,辛,未,-0.951057,-0.309017,-0.5,-0.866025,乙,丑,0.587785,0.809017,0.5,0.866025,戊,午,0.587785,-0.809017,1.22465e-16,-1,癸,亥,-0.587785,0.809017,-0.5,0.866025,庚,午,-0.587785,-0.809017,1.22465e-16,-1,己,酉,1.22465e-16,-1,-1,-1.83697e-16,乙,亥,0.587785,0.809017,-0.5,0.866025,癸,卯,-0.587785,0.809017,1,6.12323e-17,辛,酉,-0.951057,-0.309017,-1,-1.83697e-16,庚,午,-0.587785,-0.809017,1.22465e-16,-1,丙,寅,0.951057,0.309017,0.866025,0.5,甲,辰,0,1,0.866025,-0.5,戊,申,0.587785,-0.809017,-0.866025,-0.5,長生,沐浴,衰,養,病,病,臨官,帝旺,墓庫,冠帶,絕,絕,胎,絕,衰,養,帝旺,帝旺,病,死,養,衰,長生,長生,絕,胎,冠帶,墓庫,臨官,臨官,死,病,冠帶,墓庫,沐浴,沐浴
50,2024-01-15 00:00:00+08:00,16258.3,16334.7,16104.5,16216.3,1368415400,0,0,HSI,^HSI,7243078838513495726,2025-06-02 08:53:16.696166+08:00,壬子,戊寅,癸酉,丁未,乙丑,戊午,癸亥,庚午,己卯,戊丑,甲辰,戊寅,己酉,乙亥,癸卯,辛酉,庚午,丙寅,甲辰,戊申,2024,1,15,0,0,1,False,False,False,False,False,False,15,3,壬,子,-0.951057,0.309017,0,1,戊,寅,0.587785,-0.809017,0.866025,0.5,癸,酉,-0.587785,0.809017,-1,-1.83697e-16,丁,未,0.951057,-0.309017,-0.5,-0.866025,乙,丑,0.587785,0.809017,0.5,0.866025,戊,午,0.587785,-0.809017,1.22465e-16,-1,癸,亥,-0.587785,0.809017,-0.5,0.866025,庚,午,-0.587785,-0.809017,1.22465e-16,-1,己,酉,1.22465e-16,-1,-1,-1.83697e-16,乙,亥,0.587785,0.809017,-0.5,0.866025,癸,卯,-0.587785,0.809017,1,6.12323e-17,辛,酉,-0.951057,-0.309017,-1,-1.83697e-16,庚,午,-0.587785,-0.809017,1.22465e-16,-1,丙,寅,0.951057,0.309017,0.866025,0.5,甲,辰,0,1,0.866025,-0.5,戊,申,0.587785,-0.809017,-0.866025,-0.5,長生,胎,衰,養,病,病,臨官,沐浴,墓庫,冠帶,絕,絕,胎,長生,衰,養,帝旺,帝旺,病,帝旺,養,衰,長生,長生,絕,死,冠帶,墓庫,臨官,臨官,死,絕,冠帶,墓庫,沐浴,沐浴
51,2024-01-16 00:00:00+08:00,16030.2,16197,15834.4,15865.9,2139164100,0,0,HSI,^HSI,16091109470381946021,2025-06-02 08:53:16.696166+08:00,甲子,己卯,甲戌,己未,乙丑,戊午,癸亥,庚午,辛卯,己寅,甲辰,戊寅,己酉,乙亥,癸卯,辛酉,庚午,丙寅,甲辰,戊申,2024,1,16,0,1,1,False,False,False,False,False,False,16,3,甲,子,0,1,0,1,己,卯,1.22465e-16,-1,1,6.12323e-17,甲,戌,0,1,-0.866025,0.5,己,未,1.22465e-16,-1,-0.5,-0.866025,乙,丑,0.587785,0.809017,0.5,0.866025,戊,午,0.587785,-0.809017,1.22465e-16,-1,癸,亥,-0.587785,0.809017,-0.5,0.866025,庚,午,-0.587785,-0.809017,1.22465e-16,-1,己,酉,1.22465e-16,-1,-1,-1.83697e-16,乙,亥,0.587785,0.809017,-0.5,0.866025,癸,卯,-0.587785,0.809017,1,6.12323e-17,辛,酉,-0.951057,-0.309017,-1,-1.83697e-16,庚,午,-0.587785,-0.809017,1.22465e-16,-1,丙,寅,0.951057,0.309017,0.866025,0.5,甲,辰,0,1,0.866025,-0.5,戊,申,0.587785,-0.809017,-0.866025,-0.5,長生,絕,衰,養,病,病,臨官,長生,墓庫,冠帶,絕,絕,胎,沐浴,衰,養,帝旺,帝旺,病,臨官,養,衰,長生,長生,絕,病,冠帶,墓庫,臨官,臨官,死,胎,冠帶,墓庫,沐浴,沐浴
52,2024-01-17 00:00:00+08:00,15764.4,15764.4,15194.9,15276.9,3952310100,0,0,HSI,^HSI,7854428754945285977,2025-06-02 08:53:16.696166+08:00,丙子,庚辰,乙亥,辛未,乙丑,戊午,癸亥,庚午,癸卯,庚卯,甲辰,戊寅,己酉,乙亥,癸卯,辛酉,庚午,丙寅,甲辰,戊申,2024,1,17,0,2,1,False,False,False,False,False,False,17,3,丙,子,0.951057,0.309017,0,1,庚,辰,-0.587785,-0.809017,0.866025,-0.5,乙,亥,0.587785,0.809017,-0.5,0.866025,辛,未,-0.951057,-0.309017,-0.5,-0.866025,乙,丑,0.587785,0.809017,0.5,0.866025,戊,午,0.587785,-0.809017,1.22465e-16,-1,癸,亥,-0.587785,0.809017,-0.5,0.866025,庚,午,-0.587785,-0.809017,1.22465e-16,-1,己,酉,1.22465e-16,-1,-1,-1.83697e-16,乙,亥,0.587785,0.809017,-0.5,0.866025,癸,卯,-0.587785,0.809017,1,6.12323e-17,辛,酉,-0.951057,-0.309017,-1,-1.83697e-16,庚,午,-0.587785,-0.809017,1.22465e-16,-1,丙,寅,0.951057,0.309017,0.866025,0.5,甲,辰,0,1,0.866025,-0.5,戊,申,0.587785,-0.809017,-0.866025,-0.5,長生,墓庫,衰,養,病,病,臨官,養,墓庫,冠帶,絕,絕,胎,冠帶,衰,養,帝旺,帝旺,病,冠帶,養,衰,長生,長生,絕,衰,冠帶,墓庫,臨官,臨官,死,養,冠帶,墓庫,沐浴,沐浴
53,2024-01-18 00:00:00+08:00,15301.2,15463.7,15184,15391.8,2815987000,0,0,HSI,^HSI,12341888475585842408,2025-06-02 08:53:16.696166+08:00,戊子,辛巳,丙子,癸未,乙丑,戊午,癸亥,庚午,乙卯,辛辰,甲辰,戊寅,己酉,乙亥,癸卯,辛酉,庚午,丙寅,甲辰,戊申,2024,1,18,0,3,1,False,False,False,False,False,False,18,3,戊,子,0.587785,-0.809017,0,1,辛,巳,-0.951057,-0.309017,0.5,-0.866025,丙,子,0.951057,0.309017,0,1,癸,未,-0.587785,0.809017,-0.5,-0.866025,乙,丑,0.587785,0.809017,0.5,0.866025,戊,午,0.587785,-0.809017,1.22465e-16,-1,癸,亥,-0.587785,0.809017,-0.5,0.866025,庚,午,-0.587785,-0.809017,1.22465e-16,-1,己,酉,1.22465e-16,-1,-1,-1.83697e-16,乙,亥,0.587785,0.809017,-0.5,0.866025,癸,卯,-0.587785,0.809017,1,6.12323e-17,辛,酉,-0.951057,-0.309017,-1,-1.83697e-16,庚,午,-0.587785,-0.809017,1.22465e-16,-1,丙,寅,0.951057,0.309017,0.866025,0.5,甲,辰,0,1,0.866025,-0.5,戊,申,0.587785,-0.809017,-0.866025,-0.5,長生,死,衰,養,病,病,臨官,胎,墓庫,冠帶,絕,絕,胎,臨官,衰,養,帝旺,帝旺,病,沐浴,養,衰,長生,長生,絕,帝旺,冠帶,墓庫,臨官,臨官,死,長生,冠帶,墓庫,沐浴,沐浴
54,2024-01-19 00:00:00+08:00,15404.7,15540.8,15208,15308.7,2242257300,0,0,HSI,^HSI,15618865856022999131,2025-06-02 08:53:16.696166+08:00,庚子,壬午,丁丑,乙未,乙丑,戊午,癸亥,庚午,丁卯,壬巳,甲辰,戊寅,己酉,乙亥,癸卯,辛酉,庚午,丙寅,甲辰,戊申,2024,1,19,0,4,1,False,False,False,False,False,False,19,3,庚,子,-0.587785,-0.809017,0,1,壬,午,-0.951057,0.309017,1.22465e-16,-1,丁,丑,0.951057,-0.309017,0.5,0.866025,乙,未,0.587785,0.809017,-0.5,-0.866025,乙,丑,0.587785,0.809017,0.5,0.866025,戊,午,0.587785,-0.809017,1.22465e-16,-1,癸,亥,-0.587785,0.809017,-0.5,0.866025,庚,午,-0.587785,-0.809017,1.22465e-16,-1,己,酉,1.22465e-16,-1,-1,-1.83697e-16,乙,亥,0.587785,0.809017,-0.5,0.866025,癸,卯,-0.587785,0.809017,1,6.12323e-17,辛,酉,-0.951057,-0.309017,-1,-1.83697e-16,庚,午,-0.587785,-0.809017,1.22465e-16,-1,丙,寅,0.951057,0.309017,0.866025,0.5,甲,辰,0,1,0.866025,-0.5,戊,申,0.587785,-0.809017,-0.866025,-0.5,長生,病,衰,養,病,病,臨官,絕,墓庫,冠帶,絕,絕,胎,帝旺,衰,養,帝旺,帝旺,病,長生,養,衰,長生,長生,絕,臨官,冠帶,墓庫,臨官,臨官,死,沐浴,冠帶,墓庫,沐浴,沐浴
55,2024-01-22 00:00:00+08:00,15349,15362.9,14794.2,14961.2,2812384600,0,0,HSI,^HSI,14023763323748030207,2025-06-02 08:53:16.696166+08:00,丙子,乙酉,庚寅,辛巳,庚辰,癸卯,戊戌,乙亥,癸卯,乙申,壬辰,戊寅,己酉,乙亥,癸卯,辛酉,庚午,丙寅,甲辰,戊申,2024,1,22,0,0,1,False,False,False,False,False,False,22,4,丙,子,0.951057,0.309017,0,1,乙,酉,0.587785,0.809017,-1,-1.83697e-16,庚,寅,-0.587785,-0.809017,0.866025,0.5,辛,巳,-0.951057,-0.309017,0.5,-0.866025,庚,辰,-0.587785,-0.809017,0.866025,-0.5,癸,卯,-0.587785,0.809017,1,6.12323e-17,戊,戌,0.587785,-0.809017,-0.866025,0.5,乙,亥,0.587785,0.809017,-0.5,0.866025,己,酉,1.22465e-16,-1,-1,-1.83697e-16,乙,亥,0.587785,0.809017,-0.5,0.866025,癸,卯,-0.587785,0.809017,1,6.12323e-17,辛,酉,-0.951057,-0.309017,-1,-1.83697e-16,庚,午,-0.587785,-0.809017,1.22465e-16,-1,丙,寅,0.951057,0.309017,0.866025,0.5,甲,辰,0,1,0.866025,-0.5,戊,申,0.587785,-0.809017,-0.866025,-0.5,長生,臨官,死,墓庫,絕,沐浴,臨官,病,胎,養,長生,帝旺,胎,死,臨官,冠帶,沐浴,絕,病,絕,沐浴,冠帶,臨官,死,絕,長生,帝旺,衰,病,胎,死,帝旺,長生,養,胎,病
56,2024-01-23 00:00:00+08:00,15038.3,15516.8,14994.4,15354,2804009700,0,0,HSI,^HSI,5945343980720843376,2025-06-02 08:53:16.696166+08:00,戊子,丙戌,辛卯,癸巳,庚辰,癸卯,戊戌,乙亥,乙卯,丙酉,壬辰,戊寅,己酉,乙亥,癸卯,辛酉,庚午,丙寅,甲辰,戊申,2024,1,23,0,1,1,False,False,False,False,False,False,23,4,戊,子,0.587785,-0.809017,0,1,丙,戌,0.951057,0.309017,-0.866025,0.5,辛,卯,-0.951057,-0.309017,1,6.12323e-17,癸,巳,-0.587785,0.809017,0.5,-0.866025,庚,辰,-0.587785,-0.809017,0.866025,-0.5,癸,卯,-0.587785,0.809017,1,6.12323e-17,戊,戌,0.587785,-0.809017,-0.866025,0.5,乙,亥,0.587785,0.809017,-0.5,0.866025,己,酉,1.22465e-16,-1,-1,-1.83697e-16,乙,亥,0.587785,0.809017,-0.5,0.866025,癸,卯,-0.587785,0.809017,1,6.12323e-17,辛,酉,-0.951057,-0.309017,-1,-1.83697e-16,庚,午,-0.587785,-0.809017,1.22465e-16,-1,丙,寅,0.951057,0.309017,0.866025,0.5,甲,辰,0,1,0.866025,-0.5,戊,申,0.587785,-0.809017,-0.866025,-0.5,長生,冠帶,死,墓庫,絕,沐浴,臨官,衰,胎,養,長生,帝旺,胎,墓庫,臨官,冠帶,沐浴,絕,病,墓庫,沐浴,冠帶,臨官,死,絕,養,帝旺,衰,病,胎,死,衰,長生,養,胎,病
57,2024-01-24 00:00:00+08:00,15602.5,15975.1,15412.1,15899.9,3597683500,0,0,HSI,^HSI,9720087642618252823,2025-06-02 08:53:16.696166+08:00,庚子,丁亥,壬辰,乙巳,庚辰,癸卯,戊戌,乙亥,丁卯,丁戌,癸辰,戊寅,己酉,乙亥,癸卯,辛酉,庚午,丙寅,甲辰,戊申,2024,1,24,0,2,1,False,False,False,False,False,False,24,4,庚,子,-0.587785,-0.809017,0,1,丁,亥,0.951057,-0.309017,-0.5,0.866025,壬,辰,-0.951057,0.309017,0.866025,-0.5,乙,巳,0.587785,0.809017,0.5,-0.866025,庚,辰,-0.587785,-0.809017,0.866025,-0.5,癸,卯,-0.587785,0.809017,1,6.12323e-17,戊,戌,0.587785,-0.809017,-0.866025,0.5,乙,亥,0.587785,0.809017,-0.5,0.866025,己,酉,1.22465e-16,-1,-1,-1.83697e-16,乙,亥,0.587785,0.809017,-0.5,0.866025,癸,卯,-0.587785,0.809017,1,6.12323e-17,辛,酉,-0.951057,-0.309017,-1,-1.83697e-16,庚,午,-0.587785,-0.809017,1.22465e-16,-1,丙,寅,0.951057,0.309017,0.866025,0.5,甲,辰,0,1,0.866025,-0.5,戊,申,0.587785,-0.809017,-0.866025,-0.5,長生,沐浴,死,墓庫,絕,沐浴,臨官,帝旺,胎,養,長生,帝旺,胎,絕,臨官,冠帶,沐浴,絕,病,死,沐浴,冠帶,臨官,死,絕,胎,帝旺,衰,病,胎,死,病,長生,養,胎,病
58,2024-01-25 00:00:00+08:00,15989.9,16254.9,15828.9,16212,4096404800,0,0,HSI,^HSI,489334590172123523,2025-06-02 08:53:16.696166+08:00,壬子,戊子,癸巳,丁巳,庚辰,癸卯,戊戌,乙亥,己卯,戊亥,癸辰,戊寅,己酉,乙亥,癸卯,辛酉,庚午,丙寅,甲辰,戊申,2024,1,25,0,3,1,False,False,False,False,False,False,25,4,壬,子,-0.951057,0.309017,0,1,戊,子,0.587785,-0.809017,0,1,癸,巳,-0.587785,0.809017,0.5,-0.866025,丁,巳,0.951057,-0.309017,0.5,-0.866025,庚,辰,-0.587785,-0.809017,0.866025,-0.5,癸,卯,-0.587785,0.809017,1,6.12323e-17,戊,戌,0.587785,-0.809017,-0.866025,0.5,乙,亥,0.587785,0.809017,-0.5,0.866025,己,酉,1.22465e-16,-1,-1,-1.83697e-16,乙,亥,0.587785,0.809017,-0.5,0.866025,癸,卯,-0.587785,0.809017,1,6.12323e-17,辛,酉,-0.951057,-0.309017,-1,-1.83697e-16,庚,午,-0.587785,-0.809017,1.22465e-16,-1,丙,寅,0.951057,0.309017,0.866025,0.5,甲,辰,0,1,0.866025,-0.5,戊,申,0.587785,-0.809017,-0.866025,-0.5,長生,長生,死,墓庫,絕,沐浴,臨官,臨官,胎,養,長生,帝旺,胎,胎,臨官,冠帶,沐浴,絕,病,病,沐浴,冠帶,臨官,死,絕,絕,帝旺,衰,病,胎,死,死,長生,養,胎,病
59,2024-01-26 00:00:00+08:00,16158.7,16241,15888,15952.2,3314021500,0,0,HSI,^HSI,8213921196637315004,2025-06-02 08:53:16.696166+08:00,甲子,己丑,甲午,己巳,庚辰,癸卯,戊戌,乙亥,辛卯,己子,癸辰,戊寅,己酉,乙亥,癸卯,辛酉,庚午,丙寅,甲辰,戊申,2024,1,26,0,4,1,False,False,False,False,False,False,26,4,甲,子,0,1,0,1,己,丑,1.22465e-16,-1,0.5,0.866025,甲,午,0,1,1.22465e-16,-1,己,巳,1.22465e-16,-1,0.5,-0.866025,庚,辰,-0.587785,-0.809017,0.866025,-0.5,癸,卯,-0.587785,0.809017,1,6.12323e-17,戊,戌,0.587785,-0.809017,-0.866025,0.5,乙,亥,0.587785,0.809017,-0.5,0.866025,己,酉,1.22465e-16,-1,-1,-1.83697e-16,乙,亥,0.587785,0.809017,-0.5,0.866025,癸,卯,-0.587785,0.809017,1,6.12323e-17,辛,酉,-0.951057,-0.309017,-1,-1.83697e-16,庚,午,-0.587785,-0.809017,1.22465e-16,-1,丙,寅,0.951057,0.309017,0.866025,0.5,甲,辰,0,1,0.866025,-0.5,戊,申,0.587785,-0.809017,-0.866025,-0.5,長生,養,死,墓庫,絕,沐浴,臨官,冠帶,胎,養,長生,帝旺,胎,養,臨官,冠帶,沐浴,絕,病,衰,沐浴,冠帶,臨官,死,絕,墓庫,帝旺,衰,病,胎,死,墓庫,長生,養,胎,病
60,2024-01-29 00:00:00+08:00,16046.2,16258.5,16012.6,16077.2,2923198800,0,0,HSI,^HSI,6457349540671378856,2025-06-02 08:53:16.696166+08:00,庚子,壬辰,丁酉,乙巳,庚辰,癸卯,戊戌,乙亥,丁卯,壬卯,戊辰,戊寅,己酉,乙亥,癸卯,辛酉,庚午,丙寅,甲辰,戊申,2024,1,29,0,0,1,False,False,False,False,False,False,29,5,庚,子,-0.587785,-0.809017,0,1,壬,辰,-0.951057,0.309017,0.866025,-0.5,丁,酉,0.951057,-0.309017,-1,-1.83697e-16,乙,巳,0.587785,0.809017,0.5,-0.866025,庚,辰,-0.587785,-0.809017,0.866025,-0.5,癸,卯,-0.587785,0.809017,1,6.12323e-17,戊,戌,0.587785,-0.809017,-0.866025,0.5,乙,亥,0.587785,0.809017,-0.5,0.866025,己,酉,1.22465e-16,-1,-1,-1.83697e-16,乙,亥,0.587785,0.809017,-0.5,0.866025,癸,卯,-0.587785,0.809017,1,6.12323e-17,辛,酉,-0.951057,-0.309017,-1,-1.83697e-16,庚,午,-0.587785,-0.809017,1.22465e-16,-1,丙,寅,0.951057,0.309017,0.866025,0.5,甲,辰,0,1,0.866025,-0.5,戊,申,0.587785,-0.809017,-0.866025,-0.5,長生,墓庫,死,墓庫,絕,沐浴,臨官,養,胎,養,長生,帝旺,胎,冠帶,臨官,冠帶,沐浴,絕,病,冠帶,沐浴,冠帶,臨官,死,絕,衰,帝旺,衰,病,胎,死,養,長生,養,胎,病
61,2024-01-30 00:00:00+08:00,15896.7,15896.7,15655,15703.5,2565524400,0,0,HSI,^HSI,15109415728712227357,2025-06-02 08:53:16.696166+08:00,壬子,癸巳,戊戌,丁巳,庚辰,癸卯,戊戌,乙亥,己卯,癸辰,己辰,戊寅,己酉,乙亥,癸卯,辛酉,庚午,丙寅,甲辰,戊申,2024,1,30,0,1,1,False,False,False,False,False,False,30,5,壬,子,-0.951057,0.309017,0,1,癸,巳,-0.587785,0.809017,0.5,-0.866025,戊,戌,0.587785,-0.809017,-0.866025,0.5,丁,巳,0.951057,-0.309017,0.5,-0.866025,庚,辰,-0.587785,-0.809017,0.866025,-0.5,癸,卯,-0.587785,0.809017,1,6.12323e-17,戊,戌,0.587785,-0.809017,-0.866025,0.5,乙,亥,0.587785,0.809017,-0.5,0.866025,己,酉,1.22465e-16,-1,-1,-1.83697e-16,乙,亥,0.587785,0.809017,-0.5,0.866025,癸,卯,-0.587785,0.809017,1,6.12323e-17,辛,酉,-0.951057,-0.309017,-1,-1.83697e-16,庚,午,-0.587785,-0.809017,1.22465e-16,-1,丙,寅,0.951057,0.309017,0.866025,0.5,甲,辰,0,1,0.866025,-0.5,戊,申,0.587785,-0.809017,-0.866025,-0.5,長生,死,死,墓庫,絕,沐浴,臨官,胎,胎,養,長生,帝旺,胎,臨官,臨官,冠帶,沐浴,絕,病,沐浴,沐浴,冠帶,臨官,死,絕,帝旺,帝旺,衰,病,胎,死,長生,長生,養,胎,病
62,2024-01-31 00:00:00+08:00,15652,15744,15411.7,15485.1,2594937800,0,0,HSI,^HSI,12095160472487848679,2025-06-02 08:53:16.696166+08:00,甲子,甲午,己亥,己巳,庚辰,癸卯,戊戌,乙亥,辛卯,甲巳,己辰,戊寅,己酉,乙亥,癸卯,辛酉,庚午,丙寅,甲辰,戊申,2024,1,31,0,2,1,False,True,False,False,False,False,31,5,甲,子,0,1,0,1,甲,午,0,1,1.22465e-16,-1,己,亥,1.22465e-16,-1,-0.5,0.866025,己,巳,1.22465e-16,-1,0.5,-0.866025,庚,辰,-0.587785,-0.809017,0.866025,-0.5,癸,卯,-0.587785,0.809017,1,6.12323e-17,戊,戌,0.587785,-0.809017,-0.866025,0.5,乙,亥,0.587785,0.809017,-0.5,0.866025,己,酉,1.22465e-16,-1,-1,-1.83697e-16,乙,亥,0.587785,0.809017,-0.5,0.866025,癸,卯,-0.587785,0.809017,1,6.12323e-17,辛,酉,-0.951057,-0.309017,-1,-1.83697e-16,庚,午,-0.587785,-0.809017,1.22465e-16,-1,丙,寅,0.951057,0.309017,0.866025,0.5,甲,辰,0,1,0.866025,-0.5,戊,申,0.587785,-0.809017,-0.866025,-0.5,長生,病,死,墓庫,絕,沐浴,臨官,絕,胎,養,長生,帝旺,胎,帝旺,臨官,冠帶,沐浴,絕,病,長生,沐浴,冠帶,臨官,死,絕,臨官,帝旺,衰,病,胎,死,沐浴,長生,養,胎,病
63,2024-02-01 00:00:00+08:00,15522.9,15805.1,15434.8,15566.2,2454568100,0,0,HSI,^HSI,17178312712126017960,2025-06-02 08:53:16.696166+08:00,丙子,乙未,庚子,辛巳,庚辰,癸卯,戊戌,乙亥,癸卯,乙午,己辰,戊寅,己酉,乙亥,癸卯,辛酉,庚午,丙寅,甲辰,戊申,2024,2,1,0,3,1,True,False,False,False,False,False,32,5,丙,子,0.951057,0.309017,0,1,乙,未,0.587785,0.809017,-0.5,-0.866025,庚,子,-0.587785,-0.809017,0,1,辛,巳,-0.951057,-0.309017,0.5,-0.866025,庚,辰,-0.587785,-0.809017,0.866025,-0.5,癸,卯,-0.587785,0.809017,1,6.12323e-17,戊,戌,0.587785,-0.809017,-0.866025,0.5,乙,亥,0.587785,0.809017,-0.5,0.866025,己,酉,1.22465e-16,-1,-1,-1.83697e-16,乙,亥,0.587785,0.809017,-0.5,0.866025,癸,卯,-0.587785,0.809017,1,6.12323e-17,辛,酉,-0.951057,-0.309017,-1,-1.83697e-16,庚,午,-0.587785,-0.809017,1.22465e-16,-1,丙,寅,0.951057,0.309017,0.866025,0.5,甲,辰,0,1,0.866025,-0.5,戊,申,0.587785,-0.809017,-0.866025,-0.5,長生,衰,死,墓庫,絕,沐浴,臨官,墓庫,胎,養,長生,帝旺,胎,衰,臨官,冠帶,沐浴,絕,病,養,沐浴,冠帶,臨官,死,絕,冠帶,帝旺,衰,病,胎,死,冠帶,長生,養,胎,病
64,2024-02-02 00:00:00+08:00,15756.1,15912.6,15435.8,15533.6,2475955200,0,0,HSI,^HSI,17450532731266116614,2025-06-02 08:53:16.696166+08:00,戊子,丙申,辛丑,癸巳,庚辰,癸卯,戊戌,乙亥,乙卯,丙未,甲辰,戊寅,己酉,乙亥,癸卯,辛酉,庚午,丙寅,甲辰,戊申,2024,2,2,0,4,1,False,False,False,False,False,False,33,5,戊,子,0.587785,-0.809017,0,1,丙,申,0.951057,0.309017,-0.866025,-0.5,辛,丑,-0.951057,-0.309017,0.5,0.866025,癸,巳,-0.587785,0.809017,0.5,-0.866025,庚,辰,-0.587785,-0.809017,0.866025,-0.5,癸,卯,-0.587785,0.809017,1,6.12323e-17,戊,戌,0.587785,-0.809017,-0.866025,0.5,乙,亥,0.587785,0.809017,-0.5,0.866025,己,酉,1.22465e-16,-1,-1,-1.83697e-16,乙,亥,0.587785,0.809017,-0.5,0.866025,癸,卯,-0.587785,0.809017,1,6.12323e-17,辛,酉,-0.951057,-0.309017,-1,-1.83697e-16,庚,午,-0.587785,-0.809017,1.22465e-16,-1,丙,寅,0.951057,0.309017,0.866025,0.5,甲,辰,0,1,0.866025,-0.5,戊,申,0.587785,-0.809017,-0.866025,-0.5,長生,帝旺,死,墓庫,絕,沐浴,臨官,死,胎,養,長生,帝旺,胎,病,臨官,冠帶,沐浴,絕,病,胎,沐浴,冠帶,臨官,死,絕,沐浴,帝旺,衰,病,胎,死,臨官,長生,養,胎,病
65,2024-02-05 00:00:00+08:00,15336.9,15669.8,15336.9,15510,2313277300,0,0,HSI,^HSI,18354140223445310526,2025-06-02 08:53:16.696166+08:00,甲子,己亥,甲辰,己巳,丙寅,癸卯,戊戌,辛酉,辛卯,己戌,丙寅,戊寅,己酉,乙亥,癸卯,辛酉,庚午,丙寅,甲辰,戊申,2024,2,5,0,0,1,False,False,False,False,False,False,36,6,甲,子,0,1,0,1,己,亥,1.22465e-16,-1,-0.5,0.866025,甲,辰,0,1,0.866025,-0.5,己,巳,1.22465e-16,-1,0.5,-0.866025,丙,寅,0.951057,0.309017,0.866025,0.5,癸,卯,-0.587785,0.809017,1,6.12323e-17,戊,戌,0.587785,-0.809017,-0.866025,0.5,辛,酉,-0.951057,-0.309017,-1,-1.83697e-16,己,酉,1.22465e-16,-1,-1,-1.83697e-16,乙,亥,0.587785,0.809017,-0.5,0.866025,癸,卯,-0.587785,0.809017,1,6.12323e-17,辛,酉,-0.951057,-0.309017,-1,-1.83697e-16,庚,午,-0.587785,-0.809017,1.22465e-16,-1,丙,寅,0.951057,0.309017,0.866025,0.5,甲,辰,0,1,0.866025,-0.5,戊,申,0.587785,-0.809017,-0.866025,-0.5,長生,沐浴,死,胎,絕,臨官,臨官,帝旺,胎,沐浴,長生,病,胎,絕,臨官,長生,沐浴,死,病,死,沐浴,帝旺,臨官,絕,絕,胎,帝旺,死,病,長生,死,病,長生,絕,胎,帝旺
66,2024-02-06 00:00:00+08:00,15541.2,16154,15541.2,16136.9,3314171100,0,0,HSI,^HSI,13979422269472837394,2025-06-02 08:53:16.696166+08:00,丙子,庚子,乙巳,辛巳,丙寅,癸卯,戊戌,辛酉,癸卯,庚亥,丙寅,戊寅,己酉,乙亥,癸卯,辛酉,庚午,丙寅,甲辰,戊申,2024,2,6,0,1,1,False,False,False,False,False,False,37,6,丙,子,0.951057,0.309017,0,1,庚,子,-0.587785,-0.809017,0,1,乙,巳,0.587785,0.809017,0.5,-0.866025,辛,巳,-0.951057,-0.309017,0.5,-0.866025,丙,寅,0.951057,0.309017,0.866025,0.5,癸,卯,-0.587785,0.809017,1,6.12323e-17,戊,戌,0.587785,-0.809017,-0.866025,0.5,辛,酉,-0.951057,-0.309017,-1,-1.83697e-16,己,酉,1.22465e-16,-1,-1,-1.83697e-16,乙,亥,0.587785,0.809017,-0.5,0.866025,癸,卯,-0.587785,0.809017,1,6.12323e-17,辛,酉,-0.951057,-0.309017,-1,-1.83697e-16,庚,午,-0.587785,-0.809017,1.22465e-16,-1,丙,寅,0.951057,0.309017,0.866025,0.5,甲,辰,0,1,0.866025,-0.5,戊,申,0.587785,-0.809017,-0.866025,-0.5,長生,長生,死,胎,絕,臨官,臨官,臨官,胎,沐浴,長生,病,胎,胎,臨官,長生,沐浴,死,病,病,沐浴,帝旺,臨官,絕,絕,絕,帝旺,死,病,長生,死,死,長生,絕,胎,帝旺
67,2024-02-07 00:00:00+08:00,16282.4,16408.2,16035.4,16081.9,2809645100,0,0,HSI,^HSI,8268987976892988817,2025-06-02 08:53:16.696166+08:00,戊子,辛丑,丙午,癸巳,丙寅,癸卯,戊戌,辛酉,乙卯,辛子,丙寅,戊寅,己酉,乙亥,癸卯,辛酉,庚午,丙寅,甲辰,戊申,2024,2,7,0,2,1,False,False,False,False,False,False,38,6,戊,子,0.587785,-0.809017,0,1,辛,丑,-0.951057,-0.309017,0.5,0.866025,丙,午,0.951057,0.309017,1.22465e-16,-1,癸,巳,-0.587785,0.809017,0.5,-0.866025,丙,寅,0.951057,0.309017,0.866025,0.5,癸,卯,-0.587785,0.809017,1,6.12323e-17,戊,戌,0.587785,-0.809017,-0.866025,0.5,辛,酉,-0.951057,-0.309017,-1,-1.83697e-16,己,酉,1.22465e-16,-1,-1,-1.83697e-16,乙,亥,0.587785,0.809017,-0.5,0.866025,癸,卯,-0.587785,0.809017,1,6.12323e-17,辛,酉,-0.951057,-0.309017,-1,-1.83697e-16,庚,午,-0.587785,-0.809017,1.22465e-16,-1,丙,寅,0.951057,0.309017,0.866025,0.5,甲,辰,0,1,0.866025,-0.5,戊,申,0.587785,-0.809017,-0.866025,-0.5,長生,養,死,胎,絕,臨官,臨官,冠帶,胎,沐浴,長生,病,胎,養,臨官,長生,沐浴,死,病,衰,沐浴,帝旺,臨官,絕,絕,墓庫,帝旺,死,病,長生,死,墓庫,長生,絕,胎,帝旺
68,2024-02-08 00:00:00+08:00,15988.6,16093.5,15821.9,15878.1,1940615100,0,0,HSI,^HSI,14359521941027683884,2025-06-02 08:53:16.696166+08:00,庚子,壬寅,丁未,乙巳,丙寅,癸卯,戊戌,辛酉,丁卯,壬丑,辛寅,戊寅,己酉,乙亥,癸卯,辛酉,庚午,丙寅,甲辰,戊申,2024,2,8,0,3,1,False,False,False,False,False,False,39,6,庚,子,-0.587785,-0.809017,0,1,壬,寅,-0.951057,0.309017,0.866025,0.5,丁,未,0.951057,-0.309017,-0.5,-0.866025,乙,巳,0.587785,0.809017,0.5,-0.866025,丙,寅,0.951057,0.309017,0.866025,0.5,癸,卯,-0.587785,0.809017,1,6.12323e-17,戊,戌,0.587785,-0.809017,-0.866025,0.5,辛,酉,-0.951057,-0.309017,-1,-1.83697e-16,己,酉,1.22465e-16,-1,-1,-1.83697e-16,乙,亥,0.587785,0.809017,-0.5,0.866025,癸,卯,-0.587785,0.809017,1,6.12323e-17,辛,酉,-0.951057,-0.309017,-1,-1.83697e-16,庚,午,-0.587785,-0.809017,1.22465e-16,-1,丙,寅,0.951057,0.309017,0.866025,0.5,甲,辰,0,1,0.866025,-0.5,戊,申,0.587785,-0.809017,-0.866025,-0.5,長生,胎,死,胎,絕,臨官,臨官,沐浴,胎,沐浴,長生,病,胎,長生,臨官,長生,沐浴,死,病,帝旺,沐浴,帝旺,臨官,絕,絕,死,帝旺,死,病,長生,死,絕,長生,絕,胎,帝旺
69,2024-02-09 00:00:00+08:00,15709.3,15754,15531,15746.6,745466400,0,0,HSI,^HSI,11798281031058696810,2025-06-02 08:53:16.696166+08:00,壬子,癸卯,戊申,丁巳,丙寅,癸卯,戊戌,辛酉,己卯,癸寅,辛寅,戊寅,己酉,乙亥,癸卯,辛酉,庚午,丙寅,甲辰,戊申,2024,2,9,0,4,1,False,False,False,False,False,False,40,6,壬,子,-0.951057,0.309017,0,1,癸,卯,-0.587785,0.809017,1,6.12323e-17,戊,申,0.587785,-0.809017,-0.866025,-0.5,丁,巳,0.951057,-0.309017,0.5,-0.866025,丙,寅,0.951057,0.309017,0.866025,0.5,癸,卯,-0.587785,0.809017,1,6.12323e-17,戊,戌,0.587785,-0.809017,-0.866025,0.5,辛,酉,-0.951057,-0.309017,-1,-1.83697e-16,己,酉,1.22465e-16,-1,-1,-1.83697e-16,乙,亥,0.587785,0.809017,-0.5,0.866025,癸,卯,-0.587785,0.809017,1,6.12323e-17,辛,酉,-0.951057,-0.309017,-1,-1.83697e-16,庚,午,-0.587785,-0.809017,1.22465e-16,-1,丙,寅,0.951057,0.309017,0.866025,0.5,甲,辰,0,1,0.866025,-0.5,戊,申,0.587785,-0.809017,-0.866025,-0.5,長生,絕,死,胎,絕,臨官,臨官,長生,胎,沐浴,長生,病,胎,沐浴,臨官,長生,沐浴,死,病,臨官,沐浴,帝旺,臨官,絕,絕,病,帝旺,死,病,長生,死,胎,長生,絕,胎,帝旺
70,2024-02-14 00:00:00+08:00,15579.4,15911,15456.3,15879.4,1403032800,0,0,HSI,^HSI,1076136003901962507,2025-06-02 08:53:16.696166+08:00,壬子,戊申,癸卯,丁未,丙寅,甲辰,己酉,辛未,己卯,戊未,丁寅,甲辰,己酉,乙亥,癸卯,辛酉,庚午,丙寅,甲辰,戊申,2024,2,14,0,2,1,False,False,False,False,False,False,45,7,壬,子,-0.951057,0.309017,0,1,戊,申,0.587785,-0.809017,-0.866025,-0.5,癸,卯,-0.587785,0.809017,1,6.12323e-17,丁,未,0.951057,-0.309017,-0.5,-0.866025,丙,寅,0.951057,0.309017,0.866025,0.5,甲,辰,0,1,0.866025,-0.5,己,酉,1.22465e-16,-1,-1,-1.83697e-16,辛,未,-0.951057,-0.309017,-0.5,-0.866025,己,酉,1.22465e-16,-1,-1,-1.83697e-16,乙,亥,0.587785,0.809017,-0.5,0.866025,癸,卯,-0.587785,0.809017,1,6.12323e-17,辛,酉,-0.951057,-0.309017,-1,-1.83697e-16,庚,午,-0.587785,-0.809017,1.22465e-16,-1,丙,寅,0.951057,0.309017,0.866025,0.5,甲,辰,0,1,0.866025,-0.5,戊,申,0.587785,-0.809017,-0.866025,-0.5,長生,帝旺,衰,胎,墓庫,衰,臨官,死,墓庫,沐浴,養,墓庫,胎,病,衰,長生,冠帶,衰,病,胎,養,帝旺,冠帶,養,絕,沐浴,冠帶,死,衰,冠帶,死,臨官,冠帶,絕,養,冠帶
71,2024-02-15 00:00:00+08:00,15824.2,16029,15751.4,15944.6,1056900200,0,0,HSI,^HSI,9848573904317997052,2025-06-02 08:53:16.696166+08:00,甲子,己酉,甲辰,己未,丙寅,甲辰,己酉,辛未,辛卯,己申,丁寅,甲辰,己酉,乙亥,癸卯,辛酉,庚午,丙寅,甲辰,戊申,2024,2,15,0,3,1,False,False,False,False,False,False,46,7,甲,子,0,1,0,1,己,酉,1.22465e-16,-1,-1,-1.83697e-16,甲,辰,0,1,0.866025,-0.5,己,未,1.22465e-16,-1,-0.5,-0.866025,丙,寅,0.951057,0.309017,0.866025,0.5,甲,辰,0,1,0.866025,-0.5,己,酉,1.22465e-16,-1,-1,-1.83697e-16,辛,未,-0.951057,-0.309017,-0.5,-0.866025,己,酉,1.22465e-16,-1,-1,-1.83697e-16,乙,亥,0.587785,0.809017,-0.5,0.866025,癸,卯,-0.587785,0.809017,1,6.12323e-17,辛,酉,-0.951057,-0.309017,-1,-1.83697e-16,庚,午,-0.587785,-0.809017,1.22465e-16,-1,丙,寅,0.951057,0.309017,0.866025,0.5,甲,辰,0,1,0.866025,-0.5,戊,申,0.587785,-0.809017,-0.866025,-0.5,長生,臨官,衰,胎,墓庫,衰,臨官,病,墓庫,沐浴,養,墓庫,胎,死,衰,長生,冠帶,衰,病,絕,養,帝旺,冠帶,養,絕,長生,冠帶,死,衰,冠帶,死,帝旺,冠帶,絕,養,冠帶
72,2024-02-16 00:00:00+08:00,16007.5,16394.2,15937.3,16340,1742961100,0,0,HSI,^HSI,5815619689656121533,2025-06-02 08:53:16.696166+08:00,丙子,庚戌,乙巳,辛未,丙寅,甲辰,己酉,辛未,癸卯,庚酉,丁寅,甲辰,己酉,乙亥,癸卯,辛酉,庚午,丙寅,甲辰,戊申,2024,2,16,0,4,1,False,False,False,False,False,False,47,7,丙,子,0.951057,0.309017,0,1,庚,戌,-0.587785,-0.809017,-0.866025,0.5,乙,巳,0.587785,0.809017,0.5,-0.866025,辛,未,-0.951057,-0.309017,-0.5,-0.866025,丙,寅,0.951057,0.309017,0.866025,0.5,甲,辰,0,1,0.866025,-0.5,己,酉,1.22465e-16,-1,-1,-1.83697e-16,辛,未,-0.951057,-0.309017,-0.5,-0.866025,己,酉,1.22465e-16,-1,-1,-1.83697e-16,乙,亥,0.587785,0.809017,-0.5,0.866025,癸,卯,-0.587785,0.809017,1,6.12323e-17,辛,酉,-0.951057,-0.309017,-1,-1.83697e-16,庚,午,-0.587785,-0.809017,1.22465e-16,-1,丙,寅,0.951057,0.309017,0.866025,0.5,甲,辰,0,1,0.866025,-0.5,戊,申,0.587785,-0.809017,-0.866025,-0.5,長生,冠帶,衰,胎,墓庫,衰,臨官,衰,墓庫,沐浴,養,墓庫,胎,墓庫,衰,長生,冠帶,衰,病,墓庫,養,帝旺,冠帶,養,絕,養,冠帶,死,衰,冠帶,死,衰,冠帶,絕,養,冠帶
73,2024-02-19 00:00:00+08:00,16334.5,16334.5,16138,16155.6,2185820800,0,0,HSI,^HSI,11129842120797367532,2025-06-02 08:53:16.696166+08:00,壬子,癸丑,戊申,丁未,丙寅,甲辰,己酉,辛未,己卯,癸子,戊寅,甲辰,己酉,乙亥,癸卯,辛酉,庚午,丙寅,甲辰,戊申,2024,2,19,0,0,1,False,False,False,False,False,False,50,8,壬,子,-0.951057,0.309017,0,1,癸,丑,-0.587785,0.809017,0.5,0.866025,戊,申,0.587785,-0.809017,-0.866025,-0.5,丁,未,0.951057,-0.309017,-0.5,-0.866025,丙,寅,0.951057,0.309017,0.866025,0.5,甲,辰,0,1,0.866025,-0.5,己,酉,1.22465e-16,-1,-1,-1.83697e-16,辛,未,-0.951057,-0.309017,-0.5,-0.866025,己,酉,1.22465e-16,-1,-1,-1.83697e-16,乙,亥,0.587785,0.809017,-0.5,0.866025,癸,卯,-0.587785,0.809017,1,6.12323e-17,辛,酉,-0.951057,-0.309017,-1,-1.83697e-16,庚,午,-0.587785,-0.809017,1.22465e-16,-1,丙,寅,0.951057,0.309017,0.866025,0.5,甲,辰,0,1,0.866025,-0.5,戊,申,0.587785,-0.809017,-0.866025,-0.5,長生,養,衰,胎,墓庫,衰,臨官,冠帶,墓庫,沐浴,養,墓庫,胎,養,衰,長生,冠帶,衰,病,衰,養,帝旺,冠帶,養,絕,墓庫,冠帶,死,衰,冠帶,死,墓庫,冠帶,絕,養,冠帶
74,2024-02-20 00:00:00+08:00,16222.1,16274.6,16055.1,16247.5,2205924400,0,0,HSI,^HSI,5703341566508023080,2025-06-02 08:53:16.696166+08:00,甲子,甲寅,己酉,己未,辛巳,甲辰,己酉,丙戌,辛卯,甲丑,癸巳,甲辰,己酉,乙亥,癸卯,辛酉,庚午,丙寅,甲辰,戊申,2024,2,20,0,1,1,False,False,False,False,False,False,51,8,甲,子,0,1,0,1,甲,寅,0,1,0.866025,0.5,己,酉,1.22465e-16,-1,-1,-1.83697e-16,己,未,1.22465e-16,-1,-0.5,-0.866025,辛,巳,-0.951057,-0.309017,0.5,-0.866025,甲,辰,0,1,0.866025,-0.5,己,酉,1.22465e-16,-1,-1,-1.83697e-16,丙,戌,0.951057,0.309017,-0.866025,0.5,己,酉,1.22465e-16,-1,-1,-1.83697e-16,乙,亥,0.587785,0.809017,-0.5,0.866025,癸,卯,-0.587785,0.809017,1,6.12323e-17,辛,酉,-0.951057,-0.309017,-1,-1.83697e-16,庚,午,-0.587785,-0.809017,1.22465e-16,-1,丙,寅,0.951057,0.309017,0.866025,0.5,甲,辰,0,1,0.866025,-0.5,戊,申,0.587785,-0.809017,-0.866025,-0.5,長生,胎,衰,死,墓庫,冠帶,臨官,沐浴,墓庫,胎,養,衰,胎,長生,衰,臨官,冠帶,墓庫,病,帝旺,養,沐浴,冠帶,墓庫,絕,死,冠帶,帝旺,衰,養,死,絕,冠帶,長生,養,衰
75,2024-02-21 00:00:00+08:00,16182.9,16756,16138.8,16503.1,3844263000,0,0,HSI,^HSI,11974605448448946117,2025-06-02 08:53:16.696166+08:00,丙子,乙卯,庚戌,辛未,辛巳,甲辰,己酉,丙戌,癸卯,乙寅,癸巳,甲辰,己酉,乙亥,癸卯,辛酉,庚午,丙寅,甲辰,戊申,2024,2,21,0,2,1,False,False,False,False,False,False,52,8,丙,子,0.951057,0.309017,0,1,乙,卯,0.587785,0.809017,1,6.12323e-17,庚,戌,-0.587785,-0.809017,-0.866025,0.5,辛,未,-0.951057,-0.309017,-0.5,-0.866025,辛,巳,-0.951057,-0.309017,0.5,-0.866025,甲,辰,0,1,0.866025,-0.5,己,酉,1.22465e-16,-1,-1,-1.83697e-16,丙,戌,0.951057,0.309017,-0.866025,0.5,己,酉,1.22465e-16,-1,-1,-1.83697e-16,乙,亥,0.587785,0.809017,-0.5,0.866025,癸,卯,-0.587785,0.809017,1,6.12323e-17,辛,酉,-0.951057,-0.309017,-1,-1.83697e-16,庚,午,-0.587785,-0.809017,1.22465e-16,-1,丙,寅,0.951057,0.309017,0.866025,0.5,甲,辰,0,1,0.866025,-0.5,戊,申,0.587785,-0.809017,-0.866025,-0.5,長生,絕,衰,死,墓庫,冠帶,臨官,長生,墓庫,胎,養,衰,胎,沐浴,衰,臨官,冠帶,墓庫,病,臨官,養,沐浴,冠帶,墓庫,絕,病,冠帶,帝旺,衰,養,死,胎,冠帶,長生,養,衰
76,2024-02-22 00:00:00+08:00,16489.8,16742.9,16424.8,16742.9,2739673200,0,0,HSI,^HSI,10178129519316334304,2025-06-02 08:53:16.696166+08:00,戊子,丙辰,辛亥,癸未,辛巳,甲辰,己酉,丙戌,乙卯,丙卯,癸巳,甲辰,己酉,乙亥,癸卯,辛酉,庚午,丙寅,甲辰,戊申,2024,2,22,0,3,1,False,False,False,False,False,False,53,8,戊,子,0.587785,-0.809017,0,1,丙,辰,0.951057,0.309017,0.866025,-0.5,辛,亥,-0.951057,-0.309017,-0.5,0.866025,癸,未,-0.587785,0.809017,-0.5,-0.866025,辛,巳,-0.951057,-0.309017,0.5,-0.866025,甲,辰,0,1,0.866025,-0.5,己,酉,1.22465e-16,-1,-1,-1.83697e-16,丙,戌,0.951057,0.309017,-0.866025,0.5,己,酉,1.22465e-16,-1,-1,-1.83697e-16,乙,亥,0.587785,0.809017,-0.5,0.866025,癸,卯,-0.587785,0.809017,1,6.12323e-17,辛,酉,-0.951057,-0.309017,-1,-1.83697e-16,庚,午,-0.587785,-0.809017,1.22465e-16,-1,丙,寅,0.951057,0.309017,0.866025,0.5,甲,辰,0,1,0.866025,-0.5,戊,申,0.587785,-0.809017,-0.866025,-0.5,長生,墓庫,衰,死,墓庫,冠帶,臨官,養,墓庫,胎,養,衰,胎,冠帶,衰,臨官,冠帶,墓庫,病,冠帶,養,沐浴,冠帶,墓庫,絕,衰,冠帶,帝旺,衰,養,死,養,冠帶,長生,養,衰
77,2024-02-23 00:00:00+08:00,16654.7,16895.8,16654.7,16725.9,2903143800,0,0,HSI,^HSI,12500868303998080592,2025-06-02 08:53:16.696166+08:00,庚子,丁巳,壬子,乙未,辛巳,甲辰,己酉,丙戌,丁卯,丁辰,甲巳,甲辰,己酉,乙亥,癸卯,辛酉,庚午,丙寅,甲辰,戊申,2024,2,23,0,4,1,False,False,False,False,False,False,54,8,庚,子,-0.587785,-0.809017,0,1,丁,巳,0.951057,-0.309017,0.5,-0.866025,壬,子,-0.951057,0.309017,0,1,乙,未,0.587785,0.809017,-0.5,-0.866025,辛,巳,-0.951057,-0.309017,0.5,-0.866025,甲,辰,0,1,0.866025,-0.5,己,酉,1.22465e-16,-1,-1,-1.83697e-16,丙,戌,0.951057,0.309017,-0.866025,0.5,己,酉,1.22465e-16,-1,-1,-1.83697e-16,乙,亥,0.587785,0.809017,-0.5,0.866025,癸,卯,-0.587785,0.809017,1,6.12323e-17,辛,酉,-0.951057,-0.309017,-1,-1.83697e-16,庚,午,-0.587785,-0.809017,1.22465e-16,-1,丙,寅,0.951057,0.309017,0.866025,0.5,甲,辰,0,1,0.866025,-0.5,戊,申,0.587785,-0.809017,-0.866025,-0.5,長生,死,衰,死,墓庫,冠帶,臨官,胎,墓庫,胎,養,衰,胎,臨官,衰,臨官,冠帶,墓庫,病,沐浴,養,沐浴,冠帶,墓庫,絕,帝旺,冠帶,帝旺,衰,養,死,長生,冠帶,長生,養,衰
78,2024-02-26 00:00:00+08:00,16685,16777.4,16590.7,16634.7,2253549700,0,0,HSI,^HSI,8455478168950741049,2025-06-02 08:53:16.696166+08:00,丙子,庚申,乙卯,辛未,辛巳,甲辰,己酉,丙戌,癸卯,庚未,己巳,甲辰,己酉,乙亥,癸卯,辛酉,庚午,丙寅,甲辰,戊申,2024,2,26,0,0,1,False,False,False,False,False,False,57,9,丙,子,0.951057,0.309017,0,1,庚,申,-0.587785,-0.809017,-0.866025,-0.5,乙,卯,0.587785,0.809017,1,6.12323e-17,辛,未,-0.951057,-0.309017,-0.5,-0.866025,辛,巳,-0.951057,-0.309017,0.5,-0.866025,甲,辰,0,1,0.866025,-0.5,己,酉,1.22465e-16,-1,-1,-1.83697e-16,丙,戌,0.951057,0.309017,-0.866025,0.5,己,酉,1.22465e-16,-1,-1,-1.83697e-16,乙,亥,0.587785,0.809017,-0.5,0.866025,癸,卯,-0.587785,0.809017,1,6.12323e-17,辛,酉,-0.951057,-0.309017,-1,-1.83697e-16,庚,午,-0.587785,-0.809017,1.22465e-16,-1,丙,寅,0.951057,0.309017,0.866025,0.5,甲,辰,0,1,0.866025,-0.5,戊,申,0.587785,-0.809017,-0.866025,-0.5,長生,帝旺,衰,死,墓庫,冠帶,臨官,死,墓庫,胎,養,衰,胎,病,衰,臨官,冠帶,墓庫,病,胎,養,沐浴,冠帶,墓庫,絕,沐浴,冠帶,帝旺,衰,養,死,臨官,冠帶,長生,養,衰
79,2024-02-27 00:00:00+08:00,16645.6,16828.7,16453.5,16790.8,2423909600,0,0,HSI,^HSI,220318541385023673,2025-06-02 08:53:16.696166+08:00,戊子,辛酉,丙辰,癸未,辛巳,甲辰,己酉,丙戌,乙卯,辛申,己巳,甲辰,己酉,乙亥,癸卯,辛酉,庚午,丙寅,甲辰,戊申,2024,2,27,0,1,1,False,False,False,False,False,False,58,9,戊,子,0.587785,-0.809017,0,1,辛,酉,-0.951057,-0.309017,-1,-1.83697e-16,丙,辰,0.951057,0.309017,0.866025,-0.5,癸,未,-0.587785,0.809017,-0.5,-0.866025,辛,巳,-0.951057,-0.309017,0.5,-0.866025,甲,辰,0,1,0.866025,-0.5,己,酉,1.22465e-16,-1,-1,-1.83697e-16,丙,戌,0.951057,0.309017,-0.866025,0.5,己,酉,1.22465e-16,-1,-1,-1.83697e-16,乙,亥,0.587785,0.809017,-0.5,0.866025,癸,卯,-0.587785,0.809017,1,6.12323e-17,辛,酉,-0.951057,-0.309017,-1,-1.83697e-16,庚,午,-0.587785,-0.809017,1.22465e-16,-1,丙,寅,0.951057,0.309017,0.866025,0.5,甲,辰,0,1,0.866025,-0.5,戊,申,0.587785,-0.809017,-0.866025,-0.5,長生,臨官,衰,死,墓庫,冠帶,臨官,病,墓庫,胎,養,衰,胎,死,衰,臨官,冠帶,墓庫,病,絕,養,沐浴,冠帶,墓庫,絕,長生,冠帶,帝旺,衰,養,死,帝旺,冠帶,長生,養,衰
80,2024-02-28 00:00:00+08:00,16833.6,16844.3,16517.8,16536.8,2587721800,0,0,HSI,^HSI,9816368771513868776,2025-06-02 08:53:16.696166+08:00,庚子,壬戌,丁巳,乙未,辛巳,甲辰,己酉,丙戌,丁卯,壬酉,己巳,甲辰,己酉,乙亥,癸卯,辛酉,庚午,丙寅,甲辰,戊申,2024,2,28,0,2,1,False,False,False,False,False,False,59,9,庚,子,-0.587785,-0.809017,0,1,壬,戌,-0.951057,0.309017,-0.866025,0.5,丁,巳,0.951057,-0.309017,0.5,-0.866025,乙,未,0.587785,0.809017,-0.5,-0.866025,辛,巳,-0.951057,-0.309017,0.5,-0.866025,甲,辰,0,1,0.866025,-0.5,己,酉,1.22465e-16,-1,-1,-1.83697e-16,丙,戌,0.951057,0.309017,-0.866025,0.5,己,酉,1.22465e-16,-1,-1,-1.83697e-16,乙,亥,0.587785,0.809017,-0.5,0.866025,癸,卯,-0.587785,0.809017,1,6.12323e-17,辛,酉,-0.951057,-0.309017,-1,-1.83697e-16,庚,午,-0.587785,-0.809017,1.22465e-16,-1,丙,寅,0.951057,0.309017,0.866025,0.5,甲,辰,0,1,0.866025,-0.5,戊,申,0.587785,-0.809017,-0.866025,-0.5,長生,冠帶,衰,死,墓庫,冠帶,臨官,衰,墓庫,胎,養,衰,胎,墓庫,衰,臨官,冠帶,墓庫,病,墓庫,養,沐浴,冠帶,墓庫,絕,養,冠帶,帝旺,衰,養,死,衰,冠帶,長生,養,衰
81,2024-02-29 00:00:00+08:00,16429.6,16695.4,16429.6,16511.4,3380825500,0,0,HSI,^HSI,1280376184022881985,2025-06-02 08:53:16.696166+08:00,壬子,癸亥,戊午,丁未,辛巳,甲辰,己酉,丙戌,己卯,癸戌,庚巳,甲辰,己酉,乙亥,癸卯,辛酉,庚午,丙寅,甲辰,戊申,2024,2,29,0,3,1,False,True,False,False,False,False,60,9,壬,子,-0.951057,0.309017,0,1,癸,亥,-0.587785,0.809017,-0.5,0.866025,戊,午,0.587785,-0.809017,1.22465e-16,-1,丁,未,0.951057,-0.309017,-0.5,-0.866025,辛,巳,-0.951057,-0.309017,0.5,-0.866025,甲,辰,0,1,0.866025,-0.5,己,酉,1.22465e-16,-1,-1,-1.83697e-16,丙,戌,0.951057,0.309017,-0.866025,0.5,己,酉,1.22465e-16,-1,-1,-1.83697e-16,乙,亥,0.587785,0.809017,-0.5,0.866025,癸,卯,-0.587785,0.809017,1,6.12323e-17,辛,酉,-0.951057,-0.309017,-1,-1.83697e-16,庚,午,-0.587785,-0.809017,1.22465e-16,-1,丙,寅,0.951057,0.309017,0.866025,0.5,甲,辰,0,1,0.866025,-0.5,戊,申,0.587785,-0.809017,-0.866025,-0.5,長生,沐浴,衰,死,墓庫,冠帶,臨官,帝旺,墓庫,胎,養,衰,胎,絕,衰,臨官,冠帶,墓庫,病,死,養,沐浴,冠帶,墓庫,絕,胎,冠帶,帝旺,衰,養,死,病,冠帶,長生,養,衰
82,2024-03-01 00:00:00+08:00,16390.9,16651.7,16321.1,16589.4,2880658500,0,0,HSI,^HSI,6014763973869413520,2025-06-02 08:53:16.696166+08:00,甲子,甲子,己未,己未,辛巳,甲辰,己酉,丙戌,辛卯,甲亥,庚巳,甲辰,己酉,乙亥,癸卯,辛酉,庚午,丙寅,甲辰,戊申,2024,3,1,0,4,1,True,False,False,False,False,False,61,9,甲,子,0,1,0,1,甲,子,0,1,0,1,己,未,1.22465e-16,-1,-0.5,-0.866025,己,未,1.22465e-16,-1,-0.5,-0.866025,辛,巳,-0.951057,-0.309017,0.5,-0.866025,甲,辰,0,1,0.866025,-0.5,己,酉,1.22465e-16,-1,-1,-1.83697e-16,丙,戌,0.951057,0.309017,-0.866025,0.5,己,酉,1.22465e-16,-1,-1,-1.83697e-16,乙,亥,0.587785,0.809017,-0.5,0.866025,癸,卯,-0.587785,0.809017,1,6.12323e-17,辛,酉,-0.951057,-0.309017,-1,-1.83697e-16,庚,午,-0.587785,-0.809017,1.22465e-16,-1,丙,寅,0.951057,0.309017,0.866025,0.5,甲,辰,0,1,0.866025,-0.5,戊,申,0.587785,-0.809017,-0.866025,-0.5,長生,長生,衰,死,墓庫,冠帶,臨官,臨官,墓庫,胎,養,衰,胎,胎,衰,臨官,冠帶,墓庫,病,病,養,沐浴,冠帶,墓庫,絕,絕,冠帶,帝旺,衰,養,死,死,冠帶,長生,養,衰
83,2024-03-04 00:00:00+08:00,16629.6,16646,16473.7,16596,2519017900,0,0,HSI,^HSI,17770650261690656700,2025-06-02 08:53:16.696166+08:00,庚子,丁卯,壬戌,乙未,辛巳,甲辰,己酉,丙戌,丁卯,丁寅,乙巳,甲辰,己酉,乙亥,癸卯,辛酉,庚午,丙寅,甲辰,戊申,2024,3,4,0,0,1,False,False,False,False,False,False,64,10,庚,子,-0.587785,-0.809017,0,1,丁,卯,0.951057,-0.309017,1,6.12323e-17,壬,戌,-0.951057,0.309017,-0.866025,0.5,乙,未,0.587785,0.809017,-0.5,-0.866025,辛,巳,-0.951057,-0.309017,0.5,-0.866025,甲,辰,0,1,0.866025,-0.5,己,酉,1.22465e-16,-1,-1,-1.83697e-16,丙,戌,0.951057,0.309017,-0.866025,0.5,己,酉,1.22465e-16,-1,-1,-1.83697e-16,乙,亥,0.587785,0.809017,-0.5,0.866025,癸,卯,-0.587785,0.809017,1,6.12323e-17,辛,酉,-0.951057,-0.309017,-1,-1.83697e-16,庚,午,-0.587785,-0.809017,1.22465e-16,-1,丙,寅,0.951057,0.309017,0.866025,0.5,甲,辰,0,1,0.866025,-0.5,戊,申,0.587785,-0.809017,-0.866025,-0.5,長生,絕,衰,死,墓庫,冠帶,臨官,長生,墓庫,胎,養,衰,胎,沐浴,衰,臨官,冠帶,墓庫,病,臨官,養,沐浴,冠帶,墓庫,絕,病,冠帶,帝旺,衰,養,死,胎,冠帶,長生,養,衰
84,2024-03-05 00:00:00+08:00,16344,16450.4,16095.7,16162.6,2697889500,0,0,HSI,^HSI,4276198694127214577,2025-06-02 08:53:16.696166+08:00,壬子,戊辰,癸亥,丁未,辛巳,甲辰,己酉,丙戌,己卯,戊卯,乙巳,甲辰,己酉,乙亥,癸卯,辛酉,庚午,丙寅,甲辰,戊申,2024,3,5,0,1,1,False,False,False,False,False,False,65,10,壬,子,-0.951057,0.309017,0,1,戊,辰,0.587785,-0.809017,0.866025,-0.5,癸,亥,-0.587785,0.809017,-0.5,0.866025,丁,未,0.951057,-0.309017,-0.5,-0.866025,辛,巳,-0.951057,-0.309017,0.5,-0.866025,甲,辰,0,1,0.866025,-0.5,己,酉,1.22465e-16,-1,-1,-1.83697e-16,丙,戌,0.951057,0.309017,-0.866025,0.5,己,酉,1.22465e-16,-1,-1,-1.83697e-16,乙,亥,0.587785,0.809017,-0.5,0.866025,癸,卯,-0.587785,0.809017,1,6.12323e-17,辛,酉,-0.951057,-0.309017,-1,-1.83697e-16,庚,午,-0.587785,-0.809017,1.22465e-16,-1,丙,寅,0.951057,0.309017,0.866025,0.5,甲,辰,0,1,0.866025,-0.5,戊,申,0.587785,-0.809017,-0.866025,-0.5,長生,墓庫,衰,死,墓庫,冠帶,臨官,養,墓庫,胎,養,衰,胎,冠帶,衰,臨官,冠帶,墓庫,病,冠帶,養,沐浴,冠帶,墓庫,絕,衰,冠帶,帝旺,衰,養,死,養,冠帶,長生,養,衰
85,2024-03-06 00:00:00+08:00,16167.5,16545.1,16145.2,16438.1,2488701100,0,0,HSI,^HSI,15745094152293921628,2025-06-02 08:53:16.696166+08:00,甲子,己巳,甲子,己未,丁卯,甲辰,己酉,壬申,辛卯,己辰,丁卯,甲辰,己酉,乙亥,癸卯,辛酉,庚午,丙寅,甲辰,戊申,2024,3,6,0,2,1,False,False,False,False,False,False,66,10,甲,子,0,1,0,1,己,巳,1.22465e-16,-1,0.5,-0.866025,甲,子,0,1,0,1,己,未,1.22465e-16,-1,-0.5,-0.866025,丁,卯,0.951057,-0.309017,1,6.12323e-17,甲,辰,0,1,0.866025,-0.5,己,酉,1.22465e-16,-1,-1,-1.83697e-16,壬,申,-0.951057,0.309017,-0.866025,-0.5,己,酉,1.22465e-16,-1,-1,-1.83697e-16,乙,亥,0.587785,0.809017,-0.5,0.866025,癸,卯,-0.587785,0.809017,1,6.12323e-17,辛,酉,-0.951057,-0.309017,-1,-1.83697e-16,庚,午,-0.587785,-0.809017,1.22465e-16,-1,丙,寅,0.951057,0.309017,0.866025,0.5,甲,辰,0,1,0.866025,-0.5,戊,申,0.587785,-0.809017,-0.866025,-0.5,長生,死,衰,絕,墓庫,帝旺,臨官,胎,墓庫,長生,養,死,胎,臨官,衰,沐浴,冠帶,病,病,沐浴,養,臨官,冠帶,胎,絕,帝旺,冠帶,病,衰,沐浴,死,長生,冠帶,胎,養,臨官
86,2024-03-07 00:00:00+08:00,16417.8,16512.4,16136.1,16229.8,2535414300,0,0,HSI,^HSI,8160672439649436371,2025-06-02 08:53:16.696166+08:00,丙子,庚午,乙丑,辛未,丁卯,甲辰,己酉,壬申,癸卯,庚巳,丁卯,甲辰,己酉,乙亥,癸卯,辛酉,庚午,丙寅,甲辰,戊申,2024,3,7,0,3,1,False,False,False,False,False,False,67,10,丙,子,0.951057,0.309017,0,1,庚,午,-0.587785,-0.809017,1.22465e-16,-1,乙,丑,0.587785,0.809017,0.5,0.866025,辛,未,-0.951057,-0.309017,-0.5,-0.866025,丁,卯,0.951057,-0.309017,1,6.12323e-17,甲,辰,0,1,0.866025,-0.5,己,酉,1.22465e-16,-1,-1,-1.83697e-16,壬,申,-0.951057,0.309017,-0.866025,-0.5,己,酉,1.22465e-16,-1,-1,-1.83697e-16,乙,亥,0.587785,0.809017,-0.5,0.866025,癸,卯,-0.587785,0.809017,1,6.12323e-17,辛,酉,-0.951057,-0.309017,-1,-1.83697e-16,庚,午,-0.587785,-0.809017,1.22465e-16,-1,丙,寅,0.951057,0.309017,0.866025,0.5,甲,辰,0,1,0.866025,-0.5,戊,申,0.587785,-0.809017,-0.866025,-0.5,長生,病,衰,絕,墓庫,帝旺,臨官,絕,墓庫,長生,養,死,胎,帝旺,衰,沐浴,冠帶,病,病,長生,養,臨官,冠帶,胎,絕,臨官,冠帶,病,衰,沐浴,死,沐浴,冠帶,胎,養,臨官
87,2024-03-08 00:00:00+08:00,16275.4,16489.7,16275.4,16353.4,2596313300,0,0,HSI,^HSI,13392444740792526274,2025-06-02 08:53:16.696166+08:00,戊子,辛未,丙寅,癸未,丁卯,甲辰,己酉,壬申,乙卯,辛午,丁卯,甲辰,己酉,乙亥,癸卯,辛酉,庚午,丙寅,甲辰,戊申,2024,3,8,0,4,1,False,False,False,False,False,False,68,10,戊,子,0.587785,-0.809017,0,1,辛,未,-0.951057,-0.309017,-0.5,-0.866025,丙,寅,0.951057,0.309017,0.866025,0.5,癸,未,-0.587785,0.809017,-0.5,-0.866025,丁,卯,0.951057,-0.309017,1,6.12323e-17,甲,辰,0,1,0.866025,-0.5,己,酉,1.22465e-16,-1,-1,-1.83697e-16,壬,申,-0.951057,0.309017,-0.866025,-0.5,己,酉,1.22465e-16,-1,-1,-1.83697e-16,乙,亥,0.587785,0.809017,-0.5,0.866025,癸,卯,-0.587785,0.809017,1,6.12323e-17,辛,酉,-0.951057,-0.309017,-1,-1.83697e-16,庚,午,-0.587785,-0.809017,1.22465e-16,-1,丙,寅,0.951057,0.309017,0.866025,0.5,甲,辰,0,1,0.866025,-0.5,戊,申,0.587785,-0.809017,-0.866025,-0.5,長生,衰,衰,絕,墓庫,帝旺,臨官,墓庫,墓庫,長生,養,死,胎,衰,衰,沐浴,冠帶,病,病,養,養,臨官,冠帶,胎,絕,冠帶,冠帶,病,衰,沐浴,死,冠帶,冠帶,胎,養,臨官
88,2024-03-11 00:00:00+08:00,16416.2,16625.6,16416.2,16587.6,2494031000,0,0,HSI,^HSI,7537489418507382844,2025-06-02 08:53:16.696166+08:00,甲子,甲戌,己巳,己未,丁卯,甲辰,己酉,壬申,辛卯,甲酉,壬卯,甲辰,己酉,乙亥,癸卯,辛酉,庚午,丙寅,甲辰,戊申,2024,3,11,0,0,1,False,False,False,False,False,False,71,11,甲,子,0,1,0,1,甲,戌,0,1,-0.866025,0.5,己,巳,1.22465e-16,-1,0.5,-0.866025,己,未,1.22465e-16,-1,-0.5,-0.866025,丁,卯,0.951057,-0.309017,1,6.12323e-17,甲,辰,0,1,0.866025,-0.5,己,酉,1.22465e-16,-1,-1,-1.83697e-16,壬,申,-0.951057,0.309017,-0.866025,-0.5,己,酉,1.22465e-16,-1,-1,-1.83697e-16,乙,亥,0.587785,0.809017,-0.5,0.866025,癸,卯,-0.587785,0.809017,1,6.12323e-17,辛,酉,-0.951057,-0.309017,-1,-1.83697e-16,庚,午,-0.587785,-0.809017,1.22465e-16,-1,丙,寅,0.951057,0.309017,0.866025,0.5,甲,辰,0,1,0.866025,-0.5,戊,申,0.587785,-0.809017,-0.866025,-0.5,長生,冠帶,衰,絕,墓庫,帝旺,臨官,衰,墓庫,長生,養,死,胎,墓庫,衰,沐浴,冠帶,病,病,墓庫,養,臨官,冠帶,胎,絕,養,冠帶,病,衰,沐浴,死,衰,冠帶,胎,養,臨官
89,2024-03-12 00:00:00+08:00,16701.9,17154.9,16613.4,17093.5,4001753000,0,0,HSI,^HSI,9781965023085807680,2025-06-02 08:53:16.696166+08:00,丙子,乙亥,庚午,辛未,丁卯,甲辰,己酉,壬申,癸卯,乙戌,癸卯,甲辰,己酉,乙亥,癸卯,辛酉,庚午,丙寅,甲辰,戊申,2024,3,12,0,1,1,False,False,False,False,False,False,72,11,丙,子,0.951057,0.309017,0,1,乙,亥,0.587785,0.809017,-0.5,0.866025,庚,午,-0.587785,-0.809017,1.22465e-16,-1,辛,未,-0.951057,-0.309017,-0.5,-0.866025,丁,卯,0.951057,-0.309017,1,6.12323e-17,甲,辰,0,1,0.866025,-0.5,己,酉,1.22465e-16,-1,-1,-1.83697e-16,壬,申,-0.951057,0.309017,-0.866025,-0.5,己,酉,1.22465e-16,-1,-1,-1.83697e-16,乙,亥,0.587785,0.809017,-0.5,0.866025,癸,卯,-0.587785,0.809017,1,6.12323e-17,辛,酉,-0.951057,-0.309017,-1,-1.83697e-16,庚,午,-0.587785,-0.809017,1.22465e-16,-1,丙,寅,0.951057,0.309017,0.866025,0.5,甲,辰,0,1,0.866025,-0.5,戊,申,0.587785,-0.809017,-0.866025,-0.5,長生,沐浴,衰,絕,墓庫,帝旺,臨官,帝旺,墓庫,長生,養,死,胎,絕,衰,沐浴,冠帶,病,病,死,養,臨官,冠帶,胎,絕,胎,冠帶,病,衰,沐浴,死,病,冠帶,胎,養,臨官
90,2024-03-13 00:00:00+08:00,17059.1,17214.7,17050.9,17082.1,2801014000,0,0,HSI,^HSI,8172966097917712871,2025-06-02 08:53:16.696166+08:00,戊子,丙子,辛未,癸未,丁卯,甲辰,己酉,壬申,乙卯,丙亥,癸卯,甲辰,己酉,乙亥,癸卯,辛酉,庚午,丙寅,甲辰,戊申,2024,3,13,0,2,1,False,False,False,False,False,False,73,11,戊,子,0.587785,-0.809017,0,1,丙,子,0.951057,0.309017,0,1,辛,未,-0.951057,-0.309017,-0.5,-0.866025,癸,未,-0.587785,0.809017,-0.5,-0.866025,丁,卯,0.951057,-0.309017,1,6.12323e-17,甲,辰,0,1,0.866025,-0.5,己,酉,1.22465e-16,-1,-1,-1.83697e-16,壬,申,-0.951057,0.309017,-0.866025,-0.5,己,酉,1.22465e-16,-1,-1,-1.83697e-16,乙,亥,0.587785,0.809017,-0.5,0.866025,癸,卯,-0.587785,0.809017,1,6.12323e-17,辛,酉,-0.951057,-0.309017,-1,-1.83697e-16,庚,午,-0.587785,-0.809017,1.22465e-16,-1,丙,寅,0.951057,0.309017,0.866025,0.5,甲,辰,0,1,0.866025,-0.5,戊,申,0.587785,-0.809017,-0.866025,-0.5,長生,長生,衰,絕,墓庫,帝旺,臨官,臨官,墓庫,長生,養,死,胎,胎,衰,沐浴,冠帶,病,病,病,養,臨官,冠帶,胎,絕,絕,冠帶,病,衰,沐浴,死,死,冠帶,胎,養,臨官
91,2024-03-14 00:00:00+08:00,17120.5,17209.8,16878.1,16961.7,2699096400,0,0,HSI,^HSI,5235415932827325841,2025-06-02 08:53:16.696166+08:00,庚子,丁丑,壬申,乙未,丁卯,甲辰,己酉,壬申,丁卯,丁子,癸卯,甲辰,己酉,乙亥,癸卯,辛酉,庚午,丙寅,甲辰,戊申,2024,3,14,0,3,1,False,False,False,False,False,False,74,11,庚,子,-0.587785,-0.809017,0,1,丁,丑,0.951057,-0.309017,0.5,0.866025,壬,申,-0.951057,0.309017,-0.866025,-0.5,乙,未,0.587785,0.809017,-0.5,-0.866025,丁,卯,0.951057,-0.309017,1,6.12323e-17,甲,辰,0,1,0.866025,-0.5,己,酉,1.22465e-16,-1,-1,-1.83697e-16,壬,申,-0.951057,0.309017,-0.866025,-0.5,己,酉,1.22465e-16,-1,-1,-1.83697e-16,乙,亥,0.587785,0.809017,-0.5,0.866025,癸,卯,-0.587785,0.809017,1,6.12323e-17,辛,酉,-0.951057,-0.309017,-1,-1.83697e-16,庚,午,-0.587785,-0.809017,1.22465e-16,-1,丙,寅,0.951057,0.309017,0.866025,0.5,甲,辰,0,1,0.866025,-0.5,戊,申,0.587785,-0.809017,-0.866025,-0.5,長生,養,衰,絕,墓庫,帝旺,臨官,冠帶,墓庫,長生,養,死,胎,養,衰,沐浴,冠帶,病,病,衰,養,臨官,冠帶,胎,絕,墓庫,冠帶,病,衰,沐浴,死,墓庫,冠帶,胎,養,臨官
92,2024-03-15 00:00:00+08:00,16758.4,16821.1,16550.4,16720.9,3776694200,0,0,HSI,^HSI,7817928849579937851,2025-06-02 08:53:16.696166+08:00,壬子,戊寅,癸酉,丁未,丁卯,甲辰,己酉,壬申,己卯,戊丑,戊卯,甲辰,己酉,乙亥,癸卯,辛酉,庚午,丙寅,甲辰,戊申,2024,3,15,0,4,1,False,False,False,False,False,False,75,11,壬,子,-0.951057,0.309017,0,1,戊,寅,0.587785,-0.809017,0.866025,0.5,癸,酉,-0.587785,0.809017,-1,-1.83697e-16,丁,未,0.951057,-0.309017,-0.5,-0.866025,丁,卯,0.951057,-0.309017,1,6.12323e-17,甲,辰,0,1,0.866025,-0.5,己,酉,1.22465e-16,-1,-1,-1.83697e-16,壬,申,-0.951057,0.309017,-0.866025,-0.5,己,酉,1.22465e-16,-1,-1,-1.83697e-16,乙,亥,0.587785,0.809017,-0.5,0.866025,癸,卯,-0.587785,0.809017,1,6.12323e-17,辛,酉,-0.951057,-0.309017,-1,-1.83697e-16,庚,午,-0.587785,-0.809017,1.22465e-16,-1,丙,寅,0.951057,0.309017,0.866025,0.5,甲,辰,0,1,0.866025,-0.5,戊,申,0.587785,-0.809017,-0.866025,-0.5,長生,胎,衰,絕,墓庫,帝旺,臨官,沐浴,墓庫,長生,養,死,胎,長生,衰,沐浴,冠帶,病,病,帝旺,養,臨官,冠帶,胎,絕,死,冠帶,病,衰,沐浴,死,絕,冠帶,胎,養,臨官
93,2024-03-18 00:00:00+08:00,16690.3,16801.6,16641.6,16737.1,2241776800,0,0,HSI,^HSI,13414730037438667040,2025-06-02 08:53:16.696166+08:00,戊子,辛巳,丙子,癸未,丁卯,甲辰,己酉,壬申,乙卯,辛辰,己卯,甲辰,己酉,乙亥,癸卯,辛酉,庚午,丙寅,甲辰,戊申,2024,3,18,0,0,1,False,False,False,False,False,False,78,12,戊,子,0.587785,-0.809017,0,1,辛,巳,-0.951057,-0.309017,0.5,-0.866025,丙,子,0.951057,0.309017,0,1,癸,未,-0.587785,0.809017,-0.5,-0.866025,丁,卯,0.951057,-0.309017,1,6.12323e-17,甲,辰,0,1,0.866025,-0.5,己,酉,1.22465e-16,-1,-1,-1.83697e-16,壬,申,-0.951057,0.309017,-0.866025,-0.5,己,酉,1.22465e-16,-1,-1,-1.83697e-16,乙,亥,0.587785,0.809017,-0.5,0.866025,癸,卯,-0.587785,0.809017,1,6.12323e-17,辛,酉,-0.951057,-0.309017,-1,-1.83697e-16,庚,午,-0.587785,-0.809017,1.22465e-16,-1,丙,寅,0.951057,0.309017,0.866025,0.5,甲,辰,0,1,0.866025,-0.5,戊,申,0.587785,-0.809017,-0.866025,-0.5,長生,死,衰,絕,墓庫,帝旺,臨官,胎,墓庫,長生,養,死,胎,臨官,衰,沐浴,冠帶,病,病,沐浴,養,臨官,冠帶,胎,絕,帝旺,冠帶,病,衰,沐浴,死,長生,冠帶,胎,養,臨官
94,2024-03-19 00:00:00+08:00,16628.1,16682.5,16492.1,16529.5,2433582900,0,0,HSI,^HSI,860567438781858725,2025-06-02 08:53:16.696166+08:00,庚子,壬午,丁丑,乙未,丁卯,甲辰,己酉,壬申,丁卯,壬巳,己卯,甲辰,己酉,乙亥,癸卯,辛酉,庚午,丙寅,甲辰,戊申,2024,3,19,0,1,1,False,False,False,False,False,False,79,12,庚,子,-0.587785,-0.809017,0,1,壬,午,-0.951057,0.309017,1.22465e-16,-1,丁,丑,0.951057,-0.309017,0.5,0.866025,乙,未,0.587785,0.809017,-0.5,-0.866025,丁,卯,0.951057,-0.309017,1,6.12323e-17,甲,辰,0,1,0.866025,-0.5,己,酉,1.22465e-16,-1,-1,-1.83697e-16,壬,申,-0.951057,0.309017,-0.866025,-0.5,己,酉,1.22465e-16,-1,-1,-1.83697e-16,乙,亥,0.587785,0.809017,-0.5,0.866025,癸,卯,-0.587785,0.809017,1,6.12323e-17,辛,酉,-0.951057,-0.309017,-1,-1.83697e-16,庚,午,-0.587785,-0.809017,1.22465e-16,-1,丙,寅,0.951057,0.309017,0.866025,0.5,甲,辰,0,1,0.866025,-0.5,戊,申,0.587785,-0.809017,-0.866025,-0.5,長生,病,衰,絕,墓庫,帝旺,臨官,絕,墓庫,長生,養,死,胎,帝旺,衰,沐浴,冠帶,病,病,長生,養,臨官,冠帶,胎,絕,臨官,冠帶,病,衰,沐浴,死,沐浴,冠帶,胎,養,臨官
95,2024-03-20 00:00:00+08:00,16559,16654.1,16430.1,16543.1,2291672600,0,0,HSI,^HSI,13774587864534044017,2025-06-02 08:53:16.696166+08:00,壬子,癸未,戊寅,丁未,丁卯,甲辰,己酉,壬申,己卯,癸午,己卯,甲辰,己酉,乙亥,癸卯,辛酉,庚午,丙寅,甲辰,戊申,2024,3,20,0,2,1,False,False,False,False,False,False,80,12,壬,子,-0.951057,0.309017,0,1,癸,未,-0.587785,0.809017,-0.5,-0.866025,戊,寅,0.587785,-0.809017,0.866025,0.5,丁,未,0.951057,-0.309017,-0.5,-0.866025,丁,卯,0.951057,-0.309017,1,6.12323e-17,甲,辰,0,1,0.866025,-0.5,己,酉,1.22465e-16,-1,-1,-1.83697e-16,壬,申,-0.951057,0.309017,-0.866025,-0.5,己,酉,1.22465e-16,-1,-1,-1.83697e-16,乙,亥,0.587785,0.809017,-0.5,0.866025,癸,卯,-0.587785,0.809017,1,6.12323e-17,辛,酉,-0.951057,-0.309017,-1,-1.83697e-16,庚,午,-0.587785,-0.809017,1.22465e-16,-1,丙,寅,0.951057,0.309017,0.866025,0.5,甲,辰,0,1,0.866025,-0.5,戊,申,0.587785,-0.809017,-0.866025,-0.5,長生,衰,衰,絕,墓庫,帝旺,臨官,墓庫,墓庫,長生,養,死,胎,衰,衰,沐浴,冠帶,病,病,養,養,臨官,冠帶,胎,絕,冠帶,冠帶,病,衰,沐浴,死,冠帶,冠帶,胎,養,臨官
96,2024-03-21 00:00:00+08:00,16762.8,16973.5,16762.8,16863.1,3220967100,0,0,HSI,^HSI,15201531993835987429,2025-06-02 08:53:16.696166+08:00,甲子,甲申,己卯,己未,壬午,甲辰,己酉,丁亥,辛卯,甲未,甲午,甲辰,己酉,乙亥,癸卯,辛酉,庚午,丙寅,甲辰,戊申,2024,3,21,0,3,1,False,False,False,False,False,False,81,12,甲,子,0,1,0,1,甲,申,0,1,-0.866025,-0.5,己,卯,1.22465e-16,-1,1,6.12323e-17,己,未,1.22465e-16,-1,-0.5,-0.866025,壬,午,-0.951057,0.309017,1.22465e-16,-1,甲,辰,0,1,0.866025,-0.5,己,酉,1.22465e-16,-1,-1,-1.83697e-16,丁,亥,0.951057,-0.309017,-0.5,0.866025,己,酉,1.22465e-16,-1,-1,-1.83697e-16,乙,亥,0.587785,0.809017,-0.5,0.866025,癸,卯,-0.587785,0.809017,1,6.12323e-17,辛,酉,-0.951057,-0.309017,-1,-1.83697e-16,庚,午,-0.587785,-0.809017,1.22465e-16,-1,丙,寅,0.951057,0.309017,0.866025,0.5,甲,辰,0,1,0.866025,-0.5,戊,申,0.587785,-0.809017,-0.866025,-0.5,長生,帝旺,衰,病,墓庫,沐浴,臨官,死,墓庫,絕,養,帝旺,胎,病,衰,帝旺,冠帶,絕,病,胎,養,長生,冠帶,死,絕,沐浴,冠帶,臨官,衰,胎,死,臨官,冠帶,沐浴,養,病
97,2024-03-22 00:00:00+08:00,16745.3,16747.2,16341.6,16499.5,3110411500,0,0,HSI,^HSI,6049831506760721209,2025-06-02 08:53:16.696166+08:00,丙子,乙酉,庚辰,辛未,壬午,甲辰,己酉,丁亥,癸卯,乙申,甲午,甲辰,己酉,乙亥,癸卯,辛酉,庚午,丙寅,甲辰,戊申,2024,3,22,0,4,1,False,False,False,False,False,False,82,12,丙,子,0.951057,0.309017,0,1,乙,酉,0.587785,0.809017,-1,-1.83697e-16,庚,辰,-0.587785,-0.809017,0.866025,-0.5,辛,未,-0.951057,-0.309017,-0.5,-0.866025,壬,午,-0.951057,0.309017,1.22465e-16,-1,甲,辰,0,1,0.866025,-0.5,己,酉,1.22465e-16,-1,-1,-1.83697e-16,丁,亥,0.951057,-0.309017,-0.5,0.866025,己,酉,1.22465e-16,-1,-1,-1.83697e-16,乙,亥,0.587785,0.809017,-0.5,0.866025,癸,卯,-0.587785,0.809017,1,6.12323e-17,辛,酉,-0.951057,-0.309017,-1,-1.83697e-16,庚,午,-0.587785,-0.809017,1.22465e-16,-1,丙,寅,0.951057,0.309017,0.866025,0.5,甲,辰,0,1,0.866025,-0.5,戊,申,0.587785,-0.809017,-0.866025,-0.5,長生,臨官,衰,病,墓庫,沐浴,臨官,病,墓庫,絕,養,帝旺,胎,死,衰,帝旺,冠帶,絕,病,絕,養,長生,冠帶,死,絕,長生,冠帶,臨官,衰,胎,死,帝旺,冠帶,沐浴,養,病
98,2024-03-25 00:00:00+08:00,16531.9,16612.6,16441.3,16473.6,2624506500,0,0,HSI,^HSI,12672789278541062332,2025-06-02 08:53:16.696166+08:00,壬子,戊子,癸未,丁未,壬午,甲辰,己酉,丁亥,己卯,戊亥,乙午,甲辰,己酉,乙亥,癸卯,辛酉,庚午,丙寅,甲辰,戊申,2024,3,25,0,0,1,False,False,False,False,False,False,85,13,壬,子,-0.951057,0.309017,0,1,戊,子,0.587785,-0.809017,0,1,癸,未,-0.587785,0.809017,-0.5,-0.866025,丁,未,0.951057,-0.309017,-0.5,-0.866025,壬,午,-0.951057,0.309017,1.22465e-16,-1,甲,辰,0,1,0.866025,-0.5,己,酉,1.22465e-16,-1,-1,-1.83697e-16,丁,亥,0.951057,-0.309017,-0.5,0.866025,己,酉,1.22465e-16,-1,-1,-1.83697e-16,乙,亥,0.587785,0.809017,-0.5,0.866025,癸,卯,-0.587785,0.809017,1,6.12323e-17,辛,酉,-0.951057,-0.309017,-1,-1.83697e-16,庚,午,-0.587785,-0.809017,1.22465e-16,-1,丙,寅,0.951057,0.309017,0.866025,0.5,甲,辰,0,1,0.866025,-0.5,戊,申,0.587785,-0.809017,-0.866025,-0.5,長生,長生,衰,病,墓庫,沐浴,臨官,臨官,墓庫,絕,養,帝旺,胎,胎,衰,帝旺,冠帶,絕,病,病,養,長生,冠帶,死,絕,絕,冠帶,臨官,衰,胎,死,死,冠帶,沐浴,養,病
99,2024-03-26 00:00:00+08:00,16548.5,16728.9,16452.6,16618.3,2745765700,0,0,HSI,^HSI,5006800489689316113,2025-06-02 08:53:16.696166+08:00,甲子,己丑,甲申,己未,壬午,甲辰,己酉,丁亥,辛卯,己子,乙午,甲辰,己酉,乙亥,癸卯,辛酉,庚午,丙寅,甲辰,戊申,2024,3,26,0,1,1,False,False,False,False,False,False,86,13,甲,子,0,1,0,1,己,丑,1.22465e-16,-1,0.5,0.866025,甲,申,0,1,-0.866025,-0.5,己,未,1.22465e-16,-1,-0.5,-0.866025,壬,午,-0.951057,0.309017,1.22465e-16,-1,甲,辰,0,1,0.866025,-0.5,己,酉,1.22465e-16,-1,-1,-1.83697e-16,丁,亥,0.951057,-0.309017,-0.5,0.866025,己,酉,1.22465e-16,-1,-1,-1.83697e-16,乙,亥,0.587785,0.809017,-0.5,0.866025,癸,卯,-0.587785,0.809017,1,6.12323e-17,辛,酉,-0.951057,-0.309017,-1,-1.83697e-16,庚,午,-0.587785,-0.809017,1.22465e-16,-1,丙,寅,0.951057,0.309017,0.866025,0.5,甲,辰,0,1,0.866025,-0.5,戊,申,0.587785,-0.809017,-0.866025,-0.5,長生,養,衰,病,墓庫,沐浴,臨官,冠帶,墓庫,絕,養,帝旺,胎,養,衰,帝旺,冠帶,絕,病,衰,養,長生,冠帶,死,絕,墓庫,冠帶,臨官,衰,胎,死,墓庫,冠帶,沐浴,養,病
100,2024-03-27 00:00:00+08:00,16530.4,16612,16354.8,16392.8,2769889600,0,0,HSI,^HSI,14091280545545664293,2025-06-02 08:53:16.696166+08:00,丙子,庚寅,乙酉,辛未,壬午,甲辰,己酉,丁亥,癸卯,庚丑,庚午,甲辰,己酉,乙亥,癸卯,辛酉,庚午,丙寅,甲辰,戊申,2024,3,27,0,2,1,False,False,False,False,False,False,87,13,丙,子,0.951057,0.309017,0,1,庚,寅,-0.587785,-0.809017,0.866025,0.5,乙,酉,0.587785,0.809017,-1,-1.83697e-16,辛,未,-0.951057,-0.309017,-0.5,-0.866025,壬,午,-0.951057,0.309017,1.22465e-16,-1,甲,辰,0,1,0.866025,-0.5,己,酉,1.22465e-16,-1,-1,-1.83697e-16,丁,亥,0.951057,-0.309017,-0.5,0.866025,己,酉,1.22465e-16,-1,-1,-1.83697e-16,乙,亥,0.587785,0.809017,-0.5,0.866025,癸,卯,-0.587785,0.809017,1,6.12323e-17,辛,酉,-0.951057,-0.309017,-1,-1.83697e-16,庚,午,-0.587785,-0.809017,1.22465e-16,-1,丙,寅,0.951057,0.309017,0.866025,0.5,甲,辰,0,1,0.866025,-0.5,戊,申,0.587785,-0.809017,-0.866025,-0.5,長生,胎,衰,病,墓庫,沐浴,臨官,沐浴,墓庫,絕,養,帝旺,胎,長生,衰,帝旺,冠帶,絕,病,帝旺,養,長生,冠帶,死,絕,死,冠帶,臨官,衰,胎,死,絕,冠帶,沐浴,養,病
101,2024-03-28 00:00:00+08:00,16378.4,16725.6,16345.9,16541.4,3203421300,0,0,HSI,^HSI,1272555350614452913,2025-06-02 08:53:16.696166+08:00,戊子,辛卯,丙戌,癸未,壬午,甲辰,己酉,丁亥,乙卯,辛寅,庚午,甲辰,己酉,乙亥,癸卯,辛酉,庚午,丙寅,甲辰,戊申,2024,3,28,0,3,1,False,False,False,False,False,False,88,13,戊,子,0.587785,-0.809017,0,1,辛,卯,-0.951057,-0.309017,1,6.12323e-17,丙,戌,0.951057,0.309017,-0.866025,0.5,癸,未,-0.587785,0.809017,-0.5,-0.866025,壬,午,-0.951057,0.309017,1.22465e-16,-1,甲,辰,0,1,0.866025,-0.5,己,酉,1.22465e-16,-1,-1,-1.83697e-16,丁,亥,0.951057,-0.309017,-0.5,0.866025,己,酉,1.22465e-16,-1,-1,-1.83697e-16,乙,亥,0.587785,0.809017,-0.5,0.866025,癸,卯,-0.587785,0.809017,1,6.12323e-17,辛,酉,-0.951057,-0.309017,-1,-1.83697e-16,庚,午,-0.587785,-0.809017,1.22465e-16,-1,丙,寅,0.951057,0.309017,0.866025,0.5,甲,辰,0,1,0.866025,-0.5,戊,申,0.587785,-0.809017,-0.866025,-0.5,長生,絕,衰,病,墓庫,沐浴,臨官,長生,墓庫,絕,養,帝旺,胎,沐浴,衰,帝旺,冠帶,絕,病,臨官,養,長生,冠帶,死,絕,病,冠帶,臨官,衰,胎,死,胎,冠帶,沐浴,養,病
102,2024-04-02 00:00:00+08:00,16811.7,17007.3,16811.7,16931.5,3983141300,0,0,HSI,^HSI,13635927739975358132,2025-06-02 08:53:16.696166+08:00,戊子,丙申,辛卯,癸未,壬午,甲辰,己酉,丁亥,乙卯,丙未,丙午,甲辰,己酉,乙亥,癸卯,辛酉,庚午,丙寅,甲辰,戊申,2024,4,2,0,1,2,False,False,False,False,False,False,93,14,戊,子,0.587785,-0.809017,0,1,丙,申,0.951057,0.309017,-0.866025,-0.5,辛,卯,-0.951057,-0.309017,1,6.12323e-17,癸,未,-0.587785,0.809017,-0.5,-0.866025,壬,午,-0.951057,0.309017,1.22465e-16,-1,甲,辰,0,1,0.866025,-0.5,己,酉,1.22465e-16,-1,-1,-1.83697e-16,丁,亥,0.951057,-0.309017,-0.5,0.866025,己,酉,1.22465e-16,-1,-1,-1.83697e-16,乙,亥,0.587785,0.809017,-0.5,0.866025,癸,卯,-0.587785,0.809017,1,6.12323e-17,辛,酉,-0.951057,-0.309017,-1,-1.83697e-16,庚,午,-0.587785,-0.809017,1.22465e-16,-1,丙,寅,0.951057,0.309017,0.866025,0.5,甲,辰,0,1,0.866025,-0.5,戊,申,0.587785,-0.809017,-0.866025,-0.5,長生,帝旺,衰,病,墓庫,沐浴,臨官,死,墓庫,絕,養,帝旺,胎,病,衰,帝旺,冠帶,絕,病,胎,養,長生,冠帶,死,絕,沐浴,冠帶,臨官,衰,胎,死,臨官,冠帶,沐浴,養,病
103,2024-04-03 00:00:00+08:00,16926.8,16926.8,16689.2,16725.1,2667363200,0,0,HSI,^HSI,14083164577785136542,2025-06-02 08:53:16.696166+08:00,庚子,丁酉,壬辰,乙未,壬午,甲辰,己酉,丁亥,丁卯,丁申,丙午,甲辰,己酉,乙亥,癸卯,辛酉,庚午,丙寅,甲辰,戊申,2024,4,3,0,2,2,False,False,False,False,False,False,94,14,庚,子,-0.587785,-0.809017,0,1,丁,酉,0.951057,-0.309017,-1,-1.83697e-16,壬,辰,-0.951057,0.309017,0.866025,-0.5,乙,未,0.587785,0.809017,-0.5,-0.866025,壬,午,-0.951057,0.309017,1.22465e-16,-1,甲,辰,0,1,0.866025,-0.5,己,酉,1.22465e-16,-1,-1,-1.83697e-16,丁,亥,0.951057,-0.309017,-0.5,0.866025,己,酉,1.22465e-16,-1,-1,-1.83697e-16,乙,亥,0.587785,0.809017,-0.5,0.866025,癸,卯,-0.587785,0.809017,1,6.12323e-17,辛,酉,-0.951057,-0.309017,-1,-1.83697e-16,庚,午,-0.587785,-0.809017,1.22465e-16,-1,丙,寅,0.951057,0.309017,0.866025,0.5,甲,辰,0,1,0.866025,-0.5,戊,申,0.587785,-0.809017,-0.866025,-0.5,長生,臨官,衰,病,墓庫,沐浴,臨官,病,墓庫,絕,養,帝旺,胎,死,衰,帝旺,冠帶,絕,病,絕,養,長生,冠帶,死,絕,長生,冠帶,臨官,衰,胎,死,帝旺,冠帶,沐浴,養,病
104,2024-04-05 00:00:00+08:00,16787.9,16839.6,16480.4,16723.9,1804396100,0,0,HSI,^HSI,1296703821272805377,2025-06-02 08:53:16.696166+08:00,甲子,己亥,甲午,己未,戊辰,甲辰,己酉,癸酉,辛卯,己戌,戊辰,甲辰,己酉,乙亥,癸卯,辛酉,庚午,丙寅,甲辰,戊申,2024,4,5,0,4,2,False,False,False,False,False,False,96,14,甲,子,0,1,0,1,己,亥,1.22465e-16,-1,-0.5,0.866025,甲,午,0,1,1.22465e-16,-1,己,未,1.22465e-16,-1,-0.5,-0.866025,戊,辰,0.587785,-0.809017,0.866025,-0.5,甲,辰,0,1,0.866025,-0.5,己,酉,1.22465e-16,-1,-1,-1.83697e-16,癸,酉,-0.587785,0.809017,-1,-1.83697e-16,己,酉,1.22465e-16,-1,-1,-1.83697e-16,乙,亥,0.587785,0.809017,-0.5,0.866025,癸,卯,-0.587785,0.809017,1,6.12323e-17,辛,酉,-0.951057,-0.309017,-1,-1.83697e-16,庚,午,-0.587785,-0.809017,1.22465e-16,-1,丙,寅,0.951057,0.309017,0.866025,0.5,甲,辰,0,1,0.866025,-0.5,戊,申,0.587785,-0.809017,-0.866025,-0.5,長生,沐浴,衰,墓庫,墓庫,臨官,臨官,帝旺,墓庫,養,養,病,胎,絕,衰,冠帶,冠帶,死,病,死,養,冠帶,冠帶,絕,絕,胎,冠帶,衰,衰,長生,死,病,冠帶,養,養,帝旺
105,2024-04-08 00:00:00+08:00,16650.8,16895.1,16580.5,16732.8,2636773000,0,0,HSI,^HSI,6002430791023286323,2025-06-02 08:53:16.696166+08:00,庚子,壬寅,丁酉,乙未,戊辰,甲辰,己酉,癸酉,丁卯,壬丑,癸辰,甲辰,己酉,乙亥,癸卯,辛酉,庚午,丙寅,甲辰,戊申,2024,4,8,0,0,2,False,False,False,False,False,False,99,15,庚,子,-0.587785,-0.809017,0,1,壬,寅,-0.951057,0.309017,0.866025,0.5,丁,酉,0.951057,-0.309017,-1,-1.83697e-16,乙,未,0.587785,0.809017,-0.5,-0.866025,戊,辰,0.587785,-0.809017,0.866025,-0.5,甲,辰,0,1,0.866025,-0.5,己,酉,1.22465e-16,-1,-1,-1.83697e-16,癸,酉,-0.587785,0.809017,-1,-1.83697e-16,己,酉,1.22465e-16,-1,-1,-1.83697e-16,乙,亥,0.587785,0.809017,-0.5,0.866025,癸,卯,-0.587785,0.809017,1,6.12323e-17,辛,酉,-0.951057,-0.309017,-1,-1.83697e-16,庚,午,-0.587785,-0.809017,1.22465e-16,-1,丙,寅,0.951057,0.309017,0.866025,0.5,甲,辰,0,1,0.866025,-0.5,戊,申,0.587785,-0.809017,-0.866025,-0.5,長生,胎,衰,墓庫,墓庫,臨官,臨官,沐浴,墓庫,養,養,病,胎,長生,衰,冠帶,冠帶,死,病,帝旺,養,冠帶,冠帶,絕,絕,死,冠帶,衰,衰,長生,死,絕,冠帶,養,養,帝旺
106,2024-04-09 00:00:00+08:00,16819.2,17006.8,16806,16828.1,2120056900,0,0,HSI,^HSI,17254170593423748804,2025-06-02 08:53:16.696166+08:00,壬子,癸卯,戊戌,丁未,戊辰,甲辰,己酉,癸酉,己卯,癸寅,癸辰,甲巳,己酉,乙亥,癸卯,辛酉,庚午,丙寅,甲辰,戊申,2024,4,9,0,1,2,False,False,False,False,False,False,100,15,壬,子,-0.951057,0.309017,0,1,癸,卯,-0.587785,0.809017,1,6.12323e-17,戊,戌,0.587785,-0.809017,-0.866025,0.5,丁,未,0.951057,-0.309017,-0.5,-0.866025,戊,辰,0.587785,-0.809017,0.866025,-0.5,甲,辰,0,1,0.866025,-0.5,己,酉,1.22465e-16,-1,-1,-1.83697e-16,癸,酉,-0.587785,0.809017,-1,-1.83697e-16,己,酉,1.22465e-16,-1,-1,-1.83697e-16,乙,亥,0.587785,0.809017,-0.5,0.866025,癸,卯,-0.587785,0.809017,1,6.12323e-17,辛,酉,-0.951057,-0.309017,-1,-1.83697e-16,庚,午,-0.587785,-0.809017,1.22465e-16,-1,丙,寅,0.951057,0.309017,0.866025,0.5,甲,辰,0,1,0.866025,-0.5,戊,申,0.587785,-0.809017,-0.866025,-0.5,長生,絕,衰,墓庫,墓庫,臨官,臨官,長生,墓庫,養,養,病,胎,沐浴,衰,冠帶,冠帶,死,病,臨官,養,冠帶,冠帶,絕,絕,病,冠帶,衰,衰,長生,死,胎,冠帶,養,養,帝旺
107,2024-04-10 00:00:00+08:00,16926,17190.5,16918.4,17139.2,2549074700,0,0,HSI,^HSI,13333603739483268226,2025-06-02 08:53:16.696166+08:00,甲子,甲辰,己亥,己未,戊辰,甲辰,己酉,癸酉,辛卯,甲卯,癸辰,甲巳,己酉,乙亥,癸卯,辛酉,庚午,丙寅,甲辰,戊申,2024,4,10,0,2,2,False,False,False,False,False,False,101,15,甲,子,0,1,0,1,甲,辰,0,1,0.866025,-0.5,己,亥,1.22465e-16,-1,-0.5,0.866025,己,未,1.22465e-16,-1,-0.5,-0.866025,戊,辰,0.587785,-0.809017,0.866025,-0.5,甲,辰,0,1,0.866025,-0.5,己,酉,1.22465e-16,-1,-1,-1.83697e-16,癸,酉,-0.587785,0.809017,-1,-1.83697e-16,己,酉,1.22465e-16,-1,-1,-1.83697e-16,乙,亥,0.587785,0.809017,-0.5,0.866025,癸,卯,-0.587785,0.809017,1,6.12323e-17,辛,酉,-0.951057,-0.309017,-1,-1.83697e-16,庚,午,-0.587785,-0.809017,1.22465e-16,-1,丙,寅,0.951057,0.309017,0.866025,0.5,甲,辰,0,1,0.866025,-0.5,戊,申,0.587785,-0.809017,-0.866025,-0.5,長生,墓庫,衰,墓庫,墓庫,臨官,臨官,養,墓庫,養,養,病,胎,冠帶,衰,冠帶,冠帶,死,病,冠帶,養,冠帶,冠帶,絕,絕,衰,冠帶,衰,衰,長生,死,養,冠帶,養,養,帝旺
108,2024-04-11 00:00:00+08:00,16856.2,17141.4,16856.2,17095,2480545300,0,0,HSI,^HSI,2942205890785718614,2025-06-02 08:53:16.696166+08:00,丙子,乙巳,庚子,辛未,戊辰,甲辰,己酉,癸酉,癸卯,乙辰,甲辰,甲巳,己酉,乙亥,癸卯,辛酉,庚午,丙寅,甲辰,戊申,2024,4,11,0,3,2,False,False,False,False,False,False,102,15,丙,子,0.951057,0.309017,0,1,乙,巳,0.587785,0.809017,0.5,-0.866025,庚,子,-0.587785,-0.809017,0,1,辛,未,-0.951057,-0.309017,-0.5,-0.866025,戊,辰,0.587785,-0.809017,0.866025,-0.5,甲,辰,0,1,0.866025,-0.5,己,酉,1.22465e-16,-1,-1,-1.83697e-16,癸,酉,-0.587785,0.809017,-1,-1.83697e-16,己,酉,1.22465e-16,-1,-1,-1.83697e-16,乙,亥,0.587785,0.809017,-0.5,0.866025,癸,卯,-0.587785,0.809017,1,6.12323e-17,辛,酉,-0.951057,-0.309017,-1,-1.83697e-16,庚,午,-0.587785,-0.809017,1.22465e-16,-1,丙,寅,0.951057,0.309017,0.866025,0.5,甲,辰,0,1,0.866025,-0.5,戊,申,0.587785,-0.809017,-0.866025,-0.5,長生,死,衰,墓庫,墓庫,臨官,臨官,胎,墓庫,養,養,病,胎,臨官,衰,冠帶,冠帶,死,病,沐浴,養,冠帶,冠帶,絕,絕,帝旺,冠帶,衰,衰,長生,死,長生,冠帶,養,養,帝旺
109,2024-04-12 00:00:00+08:00,16978.7,17031.3,16721.7,16721.7,2840321200,0,0,HSI,^HSI,9076274182943162191,2025-06-02 08:53:16.696166+08:00,戊子,丙午,辛丑,癸未,戊辰,甲辰,己酉,癸酉,乙卯,丙巳,甲辰,甲巳,己酉,乙亥,癸卯,辛酉,庚午,丙寅,甲辰,戊申,2024,4,12,0,4,2,False,False,False,False,False,False,103,15,戊,子,0.587785,-0.809017,0,1,丙,午,0.951057,0.309017,1.22465e-16,-1,辛,丑,-0.951057,-0.309017,0.5,0.866025,癸,未,-0.587785,0.809017,-0.5,-0.866025,戊,辰,0.587785,-0.809017,0.866025,-0.5,甲,辰,0,1,0.866025,-0.5,己,酉,1.22465e-16,-1,-1,-1.83697e-16,癸,酉,-0.587785,0.809017,-1,-1.83697e-16,己,酉,1.22465e-16,-1,-1,-1.83697e-16,乙,亥,0.587785,0.809017,-0.5,0.866025,癸,卯,-0.587785,0.809017,1,6.12323e-17,辛,酉,-0.951057,-0.309017,-1,-1.83697e-16,庚,午,-0.587785,-0.809017,1.22465e-16,-1,丙,寅,0.951057,0.309017,0.866025,0.5,甲,辰,0,1,0.866025,-0.5,戊,申,0.587785,-0.809017,-0.866025,-0.5,長生,病,衰,墓庫,墓庫,臨官,臨官,絕,墓庫,養,養,病,胎,帝旺,衰,冠帶,冠帶,死,病,長生,養,冠帶,冠帶,絕,絕,臨官,冠帶,衰,衰,長生,死,沐浴,冠帶,養,養,帝旺
110,2024-04-15 00:00:00+08:00,16487.4,16647.1,16465.4,16600.5,2561790600,0,0,HSI,^HSI,9778412244274807140,2025-06-02 08:53:16.696166+08:00,甲子,己酉,甲辰,己未,戊辰,甲辰,己酉,癸酉,辛卯,己申,己辰,甲巳,己酉,乙亥,癸卯,辛酉,庚午,丙寅,甲辰,戊申,2024,4,15,0,0,2,False,False,False,False,False,False,106,16,甲,子,0,1,0,1,己,酉,1.22465e-16,-1,-1,-1.83697e-16,甲,辰,0,1,0.866025,-0.5,己,未,1.22465e-16,-1,-0.5,-0.866025,戊,辰,0.587785,-0.809017,0.866025,-0.5,甲,辰,0,1,0.866025,-0.5,己,酉,1.22465e-16,-1,-1,-1.83697e-16,癸,酉,-0.587785,0.809017,-1,-1.83697e-16,己,酉,1.22465e-16,-1,-1,-1.83697e-16,乙,亥,0.587785,0.809017,-0.5,0.866025,癸,卯,-0.587785,0.809017,1,6.12323e-17,辛,酉,-0.951057,-0.309017,-1,-1.83697e-16,庚,午,-0.587785,-0.809017,1.22465e-16,-1,丙,寅,0.951057,0.309017,0.866025,0.5,甲,辰,0,1,0.866025,-0.5,戊,申,0.587785,-0.809017,-0.866025,-0.5,長生,臨官,衰,墓庫,墓庫,臨官,臨官,病,墓庫,養,養,病,胎,死,衰,冠帶,冠帶,死,病,絕,養,冠帶,冠帶,絕,絕,長生,冠帶,衰,衰,長生,死,帝旺,冠帶,養,養,帝旺
111,2024-04-16 00:00:00+08:00,16367.7,16449.2,16208.6,16249,3092911600,0,0,HSI,^HSI,13330672641919578796,2025-06-02 08:53:16.696166+08:00,丙子,庚戌,乙巳,辛未,戊辰,甲辰,己酉,癸酉,癸卯,庚酉,己辰,甲巳,己酉,乙亥,癸卯,辛酉,庚午,丙寅,甲辰,戊申,2024,4,16,0,1,2,False,False,False,False,False,False,107,16,丙,子,0.951057,0.309017,0,1,庚,戌,-0.587785,-0.809017,-0.866025,0.5,乙,巳,0.587785,0.809017,0.5,-0.866025,辛,未,-0.951057,-0.309017,-0.5,-0.866025,戊,辰,0.587785,-0.809017,0.866025,-0.5,甲,辰,0,1,0.866025,-0.5,己,酉,1.22465e-16,-1,-1,-1.83697e-16,癸,酉,-0.587785,0.809017,-1,-1.83697e-16,己,酉,1.22465e-16,-1,-1,-1.83697e-16,乙,亥,0.587785,0.809017,-0.5,0.866025,癸,卯,-0.587785,0.809017,1,6.12323e-17,辛,酉,-0.951057,-0.309017,-1,-1.83697e-16,庚,午,-0.587785,-0.809017,1.22465e-16,-1,丙,寅,0.951057,0.309017,0.866025,0.5,甲,辰,0,1,0.866025,-0.5,戊,申,0.587785,-0.809017,-0.866025,-0.5,長生,冠帶,衰,墓庫,墓庫,臨官,臨官,衰,墓庫,養,養,病,胎,墓庫,衰,冠帶,冠帶,死,病,墓庫,養,冠帶,冠帶,絕,絕,養,冠帶,衰,衰,長生,死,衰,冠帶,養,養,帝旺
112,2024-04-17 00:00:00+08:00,16225.5,16316.7,16155.8,16251.8,2450526000,0,0,HSI,^HSI,9914671816436513401,2025-06-02 08:53:16.696166+08:00,戊子,辛亥,丙午,癸未,戊辰,甲辰,己酉,癸酉,乙卯,辛戌,庚辰,甲巳,己酉,乙亥,癸卯,辛酉,庚午,丙寅,甲辰,戊申,2024,4,17,0,2,2,False,False,False,False,False,False,108,16,戊,子,0.587785,-0.809017,0,1,辛,亥,-0.951057,-0.309017,-0.5,0.866025,丙,午,0.951057,0.309017,1.22465e-16,-1,癸,未,-0.587785,0.809017,-0.5,-0.866025,戊,辰,0.587785,-0.809017,0.866025,-0.5,甲,辰,0,1,0.866025,-0.5,己,酉,1.22465e-16,-1,-1,-1.83697e-16,癸,酉,-0.587785,0.809017,-1,-1.83697e-16,己,酉,1.22465e-16,-1,-1,-1.83697e-16,乙,亥,0.587785,0.809017,-0.5,0.866025,癸,卯,-0.587785,0.809017,1,6.12323e-17,辛,酉,-0.951057,-0.309017,-1,-1.83697e-16,庚,午,-0.587785,-0.809017,1.22465e-16,-1,丙,寅,0.951057,0.309017,0.866025,0.5,甲,辰,0,1,0.866025,-0.5,戊,申,0.587785,-0.809017,-0.866025,-0.5,長生,沐浴,衰,墓庫,墓庫,臨官,臨官,帝旺,墓庫,養,養,病,胎,絕,衰,冠帶,冠帶,死,病,死,養,冠帶,冠帶,絕,絕,胎,冠帶,衰,衰,長生,死,病,冠帶,養,養,帝旺
113,2024-04-18 00:00:00+08:00,16253.2,16507.6,16206.5,16385.9,3228014900,0,0,HSI,^HSI,2508037169980261851,2025-06-02 08:53:16.696166+08:00,庚子,壬子,丁未,乙未,戊辰,甲辰,己酉,癸酉,丁卯,壬亥,庚辰,甲巳,己酉,乙亥,癸卯,辛酉,庚午,丙寅,甲辰,戊申,2024,4,18,0,3,2,False,False,False,False,False,False,109,16,庚,子,-0.587785,-0.809017,0,1,壬,子,-0.951057,0.309017,0,1,丁,未,0.951057,-0.309017,-0.5,-0.866025,乙,未,0.587785,0.809017,-0.5,-0.866025,戊,辰,0.587785,-0.809017,0.866025,-0.5,甲,辰,0,1,0.866025,-0.5,己,酉,1.22465e-16,-1,-1,-1.83697e-16,癸,酉,-0.587785,0.809017,-1,-1.83697e-16,己,酉,1.22465e-16,-1,-1,-1.83697e-16,乙,亥,0.587785,0.809017,-0.5,0.866025,癸,卯,-0.587785,0.809017,1,6.12323e-17,辛,酉,-0.951057,-0.309017,-1,-1.83697e-16,庚,午,-0.587785,-0.809017,1.22465e-16,-1,丙,寅,0.951057,0.309017,0.866025,0.5,甲,辰,0,1,0.866025,-0.5,戊,申,0.587785,-0.809017,-0.866025,-0.5,長生,長生,衰,墓庫,墓庫,臨官,臨官,臨官,墓庫,養,養,病,胎,胎,衰,冠帶,冠帶,死,病,病,養,冠帶,冠帶,絕,絕,絕,冠帶,衰,衰,長生,死,死,冠帶,養,養,帝旺
114,2024-04-19 00:00:00+08:00,16246.3,16254.9,16044.5,16224.1,3393743300,0,0,HSI,^HSI,2272224307243071713,2025-06-02 08:53:16.696166+08:00,壬子,癸丑,戊申,丁未,戊辰,甲辰,己酉,癸酉,己卯,癸子,庚辰,甲巳,己酉,乙亥,癸卯,辛酉,庚午,丙寅,甲辰,戊申,2024,4,19,0,4,2,False,False,False,False,False,False,110,16,壬,子,-0.951057,0.309017,0,1,癸,丑,-0.587785,0.809017,0.5,0.866025,戊,申,0.587785,-0.809017,-0.866025,-0.5,丁,未,0.951057,-0.309017,-0.5,-0.866025,戊,辰,0.587785,-0.809017,0.866025,-0.5,甲,辰,0,1,0.866025,-0.5,己,酉,1.22465e-16,-1,-1,-1.83697e-16,癸,酉,-0.587785,0.809017,-1,-1.83697e-16,己,酉,1.22465e-16,-1,-1,-1.83697e-16,乙,亥,0.587785,0.809017,-0.5,0.866025,癸,卯,-0.587785,0.809017,1,6.12323e-17,辛,酉,-0.951057,-0.309017,-1,-1.83697e-16,庚,午,-0.587785,-0.809017,1.22465e-16,-1,丙,寅,0.951057,0.309017,0.866025,0.5,甲,辰,0,1,0.866025,-0.5,戊,申,0.587785,-0.809017,-0.866025,-0.5,長生,養,衰,墓庫,墓庫,臨官,臨官,冠帶,墓庫,養,養,病,胎,養,衰,冠帶,冠帶,死,病,衰,養,冠帶,冠帶,絕,絕,墓庫,冠帶,衰,衰,長生,死,墓庫,冠帶,養,養,帝旺
115,2024-04-22 00:00:00+08:00,16410.8,16637.8,16410.8,16511.7,2915063300,0,0,HSI,^HSI,4754915926529442499,2025-06-02 08:53:16.696166+08:00,戊子,丙辰,辛亥,癸未,癸未,甲辰,己酉,戊子,乙卯,丙卯,乙未,甲巳,己酉,乙亥,癸卯,辛酉,庚午,丙寅,甲辰,戊申,2024,4,22,0,0,2,False,False,False,False,False,False,113,17,戊,子,0.587785,-0.809017,0,1,丙,辰,0.951057,0.309017,0.866025,-0.5,辛,亥,-0.951057,-0.309017,-0.5,0.866025,癸,未,-0.587785,0.809017,-0.5,-0.866025,癸,未,-0.587785,0.809017,-0.5,-0.866025,甲,辰,0,1,0.866025,-0.5,己,酉,1.22465e-16,-1,-1,-1.83697e-16,戊,子,0.587785,-0.809017,0,1,己,酉,1.22465e-16,-1,-1,-1.83697e-16,乙,亥,0.587785,0.809017,-0.5,0.866025,癸,卯,-0.587785,0.809017,1,6.12323e-17,辛,酉,-0.951057,-0.309017,-1,-1.83697e-16,庚,午,-0.587785,-0.809017,1.22465e-16,-1,丙,寅,0.951057,0.309017,0.866025,0.5,甲,辰,0,1,0.866025,-0.5,戊,申,0.587785,-0.809017,-0.866025,-0.5,長生,墓庫,衰,衰,墓庫,長生,臨官,養,墓庫,墓庫,養,臨官,胎,冠帶,衰,衰,冠帶,胎,病,冠帶,養,養,冠帶,病,絕,衰,冠帶,冠帶,衰,絕,死,養,冠帶,冠帶,養,死
116,2024-04-23 00:00:00+08:00,16679.4,16846.1,16599.2,16828.9,2993655900,0,0,HSI,^HSI,3715576219414661717,2025-06-02 08:53:16.696166+08:00,庚子,丁巳,壬子,乙未,癸未,甲辰,己酉,戊子,丁卯,丁辰,乙未,甲巳,己酉,乙亥,癸卯,辛酉,庚午,丙寅,甲辰,戊申,2024,4,23,0,1,2,False,False,False,False,False,False,114,17,庚,子,-0.587785,-0.809017,0,1,丁,巳,0.951057,-0.309017,0.5,-0.866025,壬,子,-0.951057,0.309017,0,1,乙,未,0.587785,0.809017,-0.5,-0.866025,癸,未,-0.587785,0.809017,-0.5,-0.866025,甲,辰,0,1,0.866025,-0.5,己,酉,1.22465e-16,-1,-1,-1.83697e-16,戊,子,0.587785,-0.809017,0,1,己,酉,1.22465e-16,-1,-1,-1.83697e-16,乙,亥,0.587785,0.809017,-0.5,0.866025,癸,卯,-0.587785,0.809017,1,6.12323e-17,辛,酉,-0.951057,-0.309017,-1,-1.83697e-16,庚,午,-0.587785,-0.809017,1.22465e-16,-1,丙,寅,0.951057,0.309017,0.866025,0.5,甲,辰,0,1,0.866025,-0.5,戊,申,0.587785,-0.809017,-0.866025,-0.5,長生,死,衰,衰,墓庫,長生,臨官,胎,墓庫,墓庫,養,臨官,胎,臨官,衰,衰,冠帶,胎,病,沐浴,養,養,冠帶,病,絕,帝旺,冠帶,冠帶,衰,絕,死,長生,冠帶,冠帶,養,死
117,2024-04-24 00:00:00+08:00,16993.2,17217.9,16934.7,17201.3,3314752700,0,0,HSI,^HSI,14205046244855568444,2025-06-02 08:53:16.696166+08:00,壬子,戊午,癸丑,丁未,癸未,甲辰,己酉,戊子,己卯,戊巳,丙未,甲巳,己酉,乙亥,癸卯,辛酉,庚午,丙寅,甲辰,戊申,2024,4,24,0,2,2,False,False,False,False,False,False,115,17,壬,子,-0.951057,0.309017,0,1,戊,午,0.587785,-0.809017,1.22465e-16,-1,癸,丑,-0.587785,0.809017,0.5,0.866025,丁,未,0.951057,-0.309017,-0.5,-0.866025,癸,未,-0.587785,0.809017,-0.5,-0.866025,甲,辰,0,1,0.866025,-0.5,己,酉,1.22465e-16,-1,-1,-1.83697e-16,戊,子,0.587785,-0.809017,0,1,己,酉,1.22465e-16,-1,-1,-1.83697e-16,乙,亥,0.587785,0.809017,-0.5,0.866025,癸,卯,-0.587785,0.809017,1,6.12323e-17,辛,酉,-0.951057,-0.309017,-1,-1.83697e-16,庚,午,-0.587785,-0.809017,1.22465e-16,-1,丙,寅,0.951057,0.309017,0.866025,0.5,甲,辰,0,1,0.866025,-0.5,戊,申,0.587785,-0.809017,-0.866025,-0.5,長生,病,衰,衰,墓庫,長生,臨官,絕,墓庫,墓庫,養,臨官,胎,帝旺,衰,衰,冠帶,胎,病,長生,養,養,冠帶,病,絕,臨官,冠帶,冠帶,衰,絕,死,沐浴,冠帶,冠帶,養,死
118,2024-04-25 00:00:00+08:00,17144.1,17438.8,17109.6,17284.5,3147284200,0,0,HSI,^HSI,491602580396461814,2025-06-02 08:53:16.696166+08:00,甲子,己未,甲寅,己未,癸未,甲辰,己酉,戊子,辛卯,己午,丙未,甲巳,己酉,乙亥,癸卯,辛酉,庚午,丙寅,甲辰,戊申,2024,4,25,0,3,2,False,False,False,False,False,False,116,17,甲,子,0,1,0,1,己,未,1.22465e-16,-1,-0.5,-0.866025,甲,寅,0,1,0.866025,0.5,己,未,1.22465e-16,-1,-0.5,-0.866025,癸,未,-0.587785,0.809017,-0.5,-0.866025,甲,辰,0,1,0.866025,-0.5,己,酉,1.22465e-16,-1,-1,-1.83697e-16,戊,子,0.587785,-0.809017,0,1,己,酉,1.22465e-16,-1,-1,-1.83697e-16,乙,亥,0.587785,0.809017,-0.5,0.866025,癸,卯,-0.587785,0.809017,1,6.12323e-17,辛,酉,-0.951057,-0.309017,-1,-1.83697e-16,庚,午,-0.587785,-0.809017,1.22465e-16,-1,丙,寅,0.951057,0.309017,0.866025,0.5,甲,辰,0,1,0.866025,-0.5,戊,申,0.587785,-0.809017,-0.866025,-0.5,長生,衰,衰,衰,墓庫,長生,臨官,墓庫,墓庫,墓庫,養,臨官,胎,衰,衰,衰,冠帶,胎,病,養,養,養,冠帶,病,絕,冠帶,冠帶,冠帶,衰,絕,死,冠帶,冠帶,冠帶,養,死
119,2024-04-26 00:00:00+08:00,17336.2,17758.2,17336.2,17651.2,3850968700,0,0,HSI,^HSI,12708254978270659327,2025-06-02 08:53:16.696166+08:00,丙子,庚申,乙卯,辛未,癸未,甲辰,己酉,戊子,癸卯,庚未,丙未,甲巳,己酉,乙亥,癸卯,辛酉,庚午,丙寅,甲辰,戊申,2024,4,26,0,4,2,False,False,False,False,False,False,117,17,丙,子,0.951057,0.309017,0,1,庚,申,-0.587785,-0.809017,-0.866025,-0.5,乙,卯,0.587785,0.809017,1,6.12323e-17,辛,未,-0.951057,-0.309017,-0.5,-0.866025,癸,未,-0.587785,0.809017,-0.5,-0.866025,甲,辰,0,1,0.866025,-0.5,己,酉,1.22465e-16,-1,-1,-1.83697e-16,戊,子,0.587785,-0.809017,0,1,己,酉,1.22465e-16,-1,-1,-1.83697e-16,乙,亥,0.587785,0.809017,-0.5,0.866025,癸,卯,-0.587785,0.809017,1,6.12323e-17,辛,酉,-0.951057,-0.309017,-1,-1.83697e-16,庚,午,-0.587785,-0.809017,1.22465e-16,-1,丙,寅,0.951057,0.309017,0.866025,0.5,甲,辰,0,1,0.866025,-0.5,戊,申,0.587785,-0.809017,-0.866025,-0.5,長生,帝旺,衰,衰,墓庫,長生,臨官,死,墓庫,墓庫,養,臨官,胎,病,衰,衰,冠帶,胎,病,胎,養,養,冠帶,病,絕,沐浴,冠帶,冠帶,衰,絕,死,臨官,冠帶,冠帶,養,死
120,2024-04-29 00:00:00+08:00,17737.9,18031.2,17679.2,17746.9,4850882200,0,0,HSI,^HSI,13081582968481128141,2025-06-02 08:53:16.696166+08:00,壬子,癸亥,戊午,丁未,癸未,甲辰,己酉,戊子,己卯,癸戌,辛未,甲巳,己酉,乙亥,癸卯,辛酉,庚午,丙寅,甲辰,戊申,2024,4,29,0,0,2,False,False,False,False,False,False,120,18,壬,子,-0.951057,0.309017,0,1,癸,亥,-0.587785,0.809017,-0.5,0.866025,戊,午,0.587785,-0.809017,1.22465e-16,-1,丁,未,0.951057,-0.309017,-0.5,-0.866025,癸,未,-0.587785,0.809017,-0.5,-0.866025,甲,辰,0,1,0.866025,-0.5,己,酉,1.22465e-16,-1,-1,-1.83697e-16,戊,子,0.587785,-0.809017,0,1,己,酉,1.22465e-16,-1,-1,-1.83697e-16,乙,亥,0.587785,0.809017,-0.5,0.866025,癸,卯,-0.587785,0.809017,1,6.12323e-17,辛,酉,-0.951057,-0.309017,-1,-1.83697e-16,庚,午,-0.587785,-0.809017,1.22465e-16,-1,丙,寅,0.951057,0.309017,0.866025,0.5,甲,辰,0,1,0.866025,-0.5,戊,申,0.587785,-0.809017,-0.866025,-0.5,長生,沐浴,衰,衰,墓庫,長生,臨官,帝旺,墓庫,墓庫,養,臨官,胎,絕,衰,衰,冠帶,胎,病,死,養,養,冠帶,病,絕,胎,冠帶,冠帶,衰,絕,死,病,冠帶,冠帶,養,死
121,2024-04-30 00:00:00+08:00,17843.4,17902,17686.9,17763,3679962400,0,0,HSI,^HSI,3425130766115182207,2025-06-02 08:53:16.696166+08:00,甲子,甲子,己未,己未,癸未,甲辰,己酉,戊子,辛卯,甲亥,壬未,甲巳,己酉,乙亥,癸卯,辛酉,庚午,丙寅,甲辰,戊申,2024,4,30,0,1,2,False,True,False,False,False,False,121,18,甲,子,0,1,0,1,甲,子,0,1,0,1,己,未,1.22465e-16,-1,-0.5,-0.866025,己,未,1.22465e-16,-1,-0.5,-0.866025,癸,未,-0.587785,0.809017,-0.5,-0.866025,甲,辰,0,1,0.866025,-0.5,己,酉,1.22465e-16,-1,-1,-1.83697e-16,戊,子,0.587785,-0.809017,0,1,己,酉,1.22465e-16,-1,-1,-1.83697e-16,乙,亥,0.587785,0.809017,-0.5,0.866025,癸,卯,-0.587785,0.809017,1,6.12323e-17,辛,酉,-0.951057,-0.309017,-1,-1.83697e-16,庚,午,-0.587785,-0.809017,1.22465e-16,-1,丙,寅,0.951057,0.309017,0.866025,0.5,甲,辰,0,1,0.866025,-0.5,戊,申,0.587785,-0.809017,-0.866025,-0.5,長生,長生,衰,衰,墓庫,長生,臨官,臨官,墓庫,墓庫,養,臨官,胎,胎,衰,衰,冠帶,胎,病,病,養,養,冠帶,病,絕,絕,冠帶,冠帶,衰,絕,死,死,冠帶,冠帶,養,死
122,2024-05-02 00:00:00+08:00,17760.7,18217.8,17740.6,18207.1,2424963300,0,0,HSI,^HSI,297904642589364120,2025-06-02 08:53:16.696166+08:00,戊子,丙寅,辛酉,癸未,癸未,甲辰,己酉,戊子,乙卯,丙丑,壬未,甲巳,己酉,乙亥,癸卯,辛酉,庚午,丙寅,甲辰,戊申,2024,5,2,0,3,2,False,False,False,False,False,False,123,18,戊,子,0.587785,-0.809017,0,1,丙,寅,0.951057,0.309017,0.866025,0.5,辛,酉,-0.951057,-0.309017,-1,-1.83697e-16,癸,未,-0.587785,0.809017,-0.5,-0.866025,癸,未,-0.587785,0.809017,-0.5,-0.866025,甲,辰,0,1,0.866025,-0.5,己,酉,1.22465e-16,-1,-1,-1.83697e-16,戊,子,0.587785,-0.809017,0,1,己,酉,1.22465e-16,-1,-1,-1.83697e-16,乙,亥,0.587785,0.809017,-0.5,0.866025,癸,卯,-0.587785,0.809017,1,6.12323e-17,辛,酉,-0.951057,-0.309017,-1,-1.83697e-16,庚,午,-0.587785,-0.809017,1.22465e-16,-1,丙,寅,0.951057,0.309017,0.866025,0.5,甲,辰,0,1,0.866025,-0.5,戊,申,0.587785,-0.809017,-0.866025,-0.5,長生,胎,衰,衰,墓庫,長生,臨官,沐浴,墓庫,墓庫,養,臨官,胎,長生,衰,衰,冠帶,胎,病,帝旺,養,養,冠帶,病,絕,死,冠帶,冠帶,衰,絕,死,絕,冠帶,冠帶,養,死
123,2024-05-03 00:00:00+08:00,18543.3,18604.2,18362.2,18475.9,2476085800,0,0,HSI,^HSI,3983532102371799859,2025-06-02 08:53:16.696166+08:00,庚子,丁卯,壬戌,乙未,癸未,甲辰,己酉,戊子,丁卯,丁寅,丁未,甲巳,己酉,乙亥,癸卯,辛酉,庚午,丙寅,甲辰,戊申,2024,5,3,0,4,2,False,False,False,False,False,False,124,18,庚,子,-0.587785,-0.809017,0,1,丁,卯,0.951057,-0.309017,1,6.12323e-17,壬,戌,-0.951057,0.309017,-0.866025,0.5,乙,未,0.587785,0.809017,-0.5,-0.866025,癸,未,-0.587785,0.809017,-0.5,-0.866025,甲,辰,0,1,0.866025,-0.5,己,酉,1.22465e-16,-1,-1,-1.83697e-16,戊,子,0.587785,-0.809017,0,1,己,酉,1.22465e-16,-1,-1,-1.83697e-16,乙,亥,0.587785,0.809017,-0.5,0.866025,癸,卯,-0.587785,0.809017,1,6.12323e-17,辛,酉,-0.951057,-0.309017,-1,-1.83697e-16,庚,午,-0.587785,-0.809017,1.22465e-16,-1,丙,寅,0.951057,0.309017,0.866025,0.5,甲,辰,0,1,0.866025,-0.5,戊,申,0.587785,-0.809017,-0.866025,-0.5,長生,絕,衰,衰,墓庫,長生,臨官,長生,墓庫,墓庫,養,臨官,胎,沐浴,衰,衰,冠帶,胎,病,臨官,養,養,冠帶,病,絕,病,冠帶,冠帶,衰,絕,死,胎,冠帶,冠帶,養,死
124,2024-05-06 00:00:00+08:00,18488.6,18590.2,18389.5,18578.3,3438627300,0,0,HSI,^HSI,12201280500478293370,2025-06-02 08:53:16.696166+08:00,丙子,庚午,乙丑,辛未,己巳,甲辰,己酉,甲戌,癸卯,庚巳,己巳,甲巳,己酉,乙亥,癸卯,辛酉,庚午,丙寅,甲辰,戊申,2024,5,6,0,0,2,False,False,False,False,False,False,127,19,丙,子,0.951057,0.309017,0,1,庚,午,-0.587785,-0.809017,1.22465e-16,-1,乙,丑,0.587785,0.809017,0.5,0.866025,辛,未,-0.951057,-0.309017,-0.5,-0.866025,己,巳,1.22465e-16,-1,0.5,-0.866025,甲,辰,0,1,0.866025,-0.5,己,酉,1.22465e-16,-1,-1,-1.83697e-16,甲,戌,0,1,-0.866025,0.5,己,酉,1.22465e-16,-1,-1,-1.83697e-16,乙,亥,0.587785,0.809017,-0.5,0.866025,癸,卯,-0.587785,0.809017,1,6.12323e-17,辛,酉,-0.951057,-0.309017,-1,-1.83697e-16,庚,午,-0.587785,-0.809017,1.22465e-16,-1,丙,寅,0.951057,0.309017,0.866025,0.5,甲,辰,0,1,0.866025,-0.5,戊,申,0.587785,-0.809017,-0.866025,-0.5,長生,病,衰,死,墓庫,冠帶,臨官,絕,墓庫,胎,養,衰,胎,帝旺,衰,臨官,冠帶,墓庫,病,長生,養,沐浴,冠帶,墓庫,絕,臨官,冠帶,帝旺,衰,養,死,沐浴,冠帶,長生,養,衰
125,2024-05-07 00:00:00+08:00,18577.6,18638.8,18411,18479.4,2494399700,0,0,HSI,^HSI,4671755719543754048,2025-06-02 08:53:16.696166+08:00,戊子,辛未,丙寅,癸未,己巳,甲辰,己酉,甲戌,乙卯,辛午,己巳,甲巳,己酉,乙亥,癸卯,辛酉,庚午,丙寅,甲辰,戊申,2024,5,7,0,1,2,False,False,False,False,False,False,128,19,戊,子,0.587785,-0.809017,0,1,辛,未,-0.951057,-0.309017,-0.5,-0.866025,丙,寅,0.951057,0.309017,0.866025,0.5,癸,未,-0.587785,0.809017,-0.5,-0.866025,己,巳,1.22465e-16,-1,0.5,-0.866025,甲,辰,0,1,0.866025,-0.5,己,酉,1.22465e-16,-1,-1,-1.83697e-16,甲,戌,0,1,-0.866025,0.5,己,酉,1.22465e-16,-1,-1,-1.83697e-16,乙,亥,0.587785,0.809017,-0.5,0.866025,癸,卯,-0.587785,0.809017,1,6.12323e-17,辛,酉,-0.951057,-0.309017,-1,-1.83697e-16,庚,午,-0.587785,-0.809017,1.22465e-16,-1,丙,寅,0.951057,0.309017,0.866025,0.5,甲,辰,0,1,0.866025,-0.5,戊,申,0.587785,-0.809017,-0.866025,-0.5,長生,衰,衰,死,墓庫,冠帶,臨官,墓庫,墓庫,胎,養,衰,胎,衰,衰,臨官,冠帶,墓庫,病,養,養,沐浴,冠帶,墓庫,絕,冠帶,冠帶,帝旺,衰,養,死,冠帶,冠帶,長生,養,衰
126,2024-05-08 00:00:00+08:00,18510.5,18606.6,18298.4,18313.9,2911676300,0,0,HSI,^HSI,13457271216193185599,2025-06-02 08:53:16.696166+08:00,庚子,壬申,丁卯,乙未,己巳,甲辰,己酉,甲戌,丁卯,壬未,己巳,甲巳,己酉,乙亥,癸卯,辛酉,庚午,丙寅,甲辰,戊申,2024,5,8,0,2,2,False,False,False,False,False,False,129,19,庚,子,-0.587785,-0.809017,0,1,壬,申,-0.951057,0.309017,-0.866025,-0.5,丁,卯,0.951057,-0.309017,1,6.12323e-17,乙,未,0.587785,0.809017,-0.5,-0.866025,己,巳,1.22465e-16,-1,0.5,-0.866025,甲,辰,0,1,0.866025,-0.5,己,酉,1.22465e-16,-1,-1,-1.83697e-16,甲,戌,0,1,-0.866025,0.5,己,酉,1.22465e-16,-1,-1,-1.83697e-16,乙,亥,0.587785,0.809017,-0.5,0.866025,癸,卯,-0.587785,0.809017,1,6.12323e-17,辛,酉,-0.951057,-0.309017,-1,-1.83697e-16,庚,午,-0.587785,-0.809017,1.22465e-16,-1,丙,寅,0.951057,0.309017,0.866025,0.5,甲,辰,0,1,0.866025,-0.5,戊,申,0.587785,-0.809017,-0.866025,-0.5,長生,帝旺,衰,死,墓庫,冠帶,臨官,死,墓庫,胎,養,衰,胎,病,衰,臨官,冠帶,墓庫,病,胎,養,沐浴,冠帶,墓庫,絕,沐浴,冠帶,帝旺,衰,養,死,臨官,冠帶,長生,養,衰
127,2024-05-09 00:00:00+08:00,18306.2,18560.8,18278.1,18537.8,2904974500,0,0,HSI,^HSI,3439218778787863755,2025-06-02 08:53:16.696166+08:00,壬子,癸酉,戊辰,丁未,己巳,甲辰,己酉,甲戌,己卯,癸申,甲巳,甲巳,己酉,乙亥,癸卯,辛酉,庚午,丙寅,甲辰,戊申,2024,5,9,0,3,2,False,False,False,False,False,False,130,19,壬,子,-0.951057,0.309017,0,1,癸,酉,-0.587785,0.809017,-1,-1.83697e-16,戊,辰,0.587785,-0.809017,0.866025,-0.5,丁,未,0.951057,-0.309017,-0.5,-0.866025,己,巳,1.22465e-16,-1,0.5,-0.866025,甲,辰,0,1,0.866025,-0.5,己,酉,1.22465e-16,-1,-1,-1.83697e-16,甲,戌,0,1,-0.866025,0.5,己,酉,1.22465e-16,-1,-1,-1.83697e-16,乙,亥,0.587785,0.809017,-0.5,0.866025,癸,卯,-0.587785,0.809017,1,6.12323e-17,辛,酉,-0.951057,-0.309017,-1,-1.83697e-16,庚,午,-0.587785,-0.809017,1.22465e-16,-1,丙,寅,0.951057,0.309017,0.866025,0.5,甲,辰,0,1,0.866025,-0.5,戊,申,0.587785,-0.809017,-0.866025,-0.5,長生,臨官,衰,死,墓庫,冠帶,臨官,病,墓庫,胎,養,衰,胎,死,衰,臨官,冠帶,墓庫,病,絕,養,沐浴,冠帶,墓庫,絕,長生,冠帶,帝旺,衰,養,死,帝旺,冠帶,長生,養,衰
128,2024-05-10 00:00:00+08:00,18669.4,18993.3,18657.5,18963.7,6506899800,0,0,HSI,^HSI,3847142229285597811,2025-06-02 08:53:16.696166+08:00,甲子,甲戌,己巳,己未,己巳,甲辰,己酉,甲戌,辛卯,甲酉,甲巳,甲巳,己酉,乙亥,癸卯,辛酉,庚午,丙寅,甲辰,戊申,2024,5,10,0,4,2,False,False,False,False,False,False,131,19,甲,子,0,1,0,1,甲,戌,0,1,-0.866025,0.5,己,巳,1.22465e-16,-1,0.5,-0.866025,己,未,1.22465e-16,-1,-0.5,-0.866025,己,巳,1.22465e-16,-1,0.5,-0.866025,甲,辰,0,1,0.866025,-0.5,己,酉,1.22465e-16,-1,-1,-1.83697e-16,甲,戌,0,1,-0.866025,0.5,己,酉,1.22465e-16,-1,-1,-1.83697e-16,乙,亥,0.587785,0.809017,-0.5,0.866025,癸,卯,-0.587785,0.809017,1,6.12323e-17,辛,酉,-0.951057,-0.309017,-1,-1.83697e-16,庚,午,-0.587785,-0.809017,1.22465e-16,-1,丙,寅,0.951057,0.309017,0.866025,0.5,甲,辰,0,1,0.866025,-0.5,戊,申,0.587785,-0.809017,-0.866025,-0.5,長生,冠帶,衰,死,墓庫,冠帶,臨官,衰,墓庫,胎,養,衰,胎,墓庫,衰,臨官,冠帶,墓庫,病,墓庫,養,沐浴,冠帶,墓庫,絕,養,冠帶,帝旺,衰,養,死,衰,冠帶,長生,養,衰
129,2024-05-13 00:00:00+08:00,18904.6,19123.5,18827.6,19115.1,3760625900,0,0,HSI,^HSI,15248053429707319822,2025-06-02 08:53:16.696166+08:00,庚子,丁丑,壬申,乙未,己巳,甲辰,己酉,甲戌,丁卯,丁子,乙巳,甲巳,己酉,乙亥,癸卯,辛酉,庚午,丙寅,甲辰,戊申,2024,5,13,0,0,2,False,False,False,False,False,False,134,20,庚,子,-0.587785,-0.809017,0,1,丁,丑,0.951057,-0.309017,0.5,0.866025,壬,申,-0.951057,0.309017,-0.866025,-0.5,乙,未,0.587785,0.809017,-0.5,-0.866025,己,巳,1.22465e-16,-1,0.5,-0.866025,甲,辰,0,1,0.866025,-0.5,己,酉,1.22465e-16,-1,-1,-1.83697e-16,甲,戌,0,1,-0.866025,0.5,己,酉,1.22465e-16,-1,-1,-1.83697e-16,乙,亥,0.587785,0.809017,-0.5,0.866025,癸,卯,-0.587785,0.809017,1,6.12323e-17,辛,酉,-0.951057,-0.309017,-1,-1.83697e-16,庚,午,-0.587785,-0.809017,1.22465e-16,-1,丙,寅,0.951057,0.309017,0.866025,0.5,甲,辰,0,1,0.866025,-0.5,戊,申,0.587785,-0.809017,-0.866025,-0.5,長生,養,衰,死,墓庫,冠帶,臨官,冠帶,墓庫,胎,養,衰,胎,養,衰,臨官,冠帶,墓庫,病,衰,養,沐浴,冠帶,墓庫,絕,墓庫,冠帶,帝旺,衰,養,死,墓庫,冠帶,長生,養,衰
130,2024-05-14 00:00:00+08:00,19203.8,19301.1,19072.6,19073.7,3455242600,0,0,HSI,^HSI,13177298987738154974,2025-06-02 08:53:16.696166+08:00,壬子,戊寅,癸酉,丁未,己巳,甲辰,己酉,甲戌,己卯,戊丑,乙巳,甲巳,己酉,乙亥,癸卯,辛酉,庚午,丙寅,甲辰,戊申,2024,5,14,0,1,2,False,False,False,False,False,False,135,20,壬,子,-0.951057,0.309017,0,1,戊,寅,0.587785,-0.809017,0.866025,0.5,癸,酉,-0.587785,0.809017,-1,-1.83697e-16,丁,未,0.951057,-0.309017,-0.5,-0.866025,己,巳,1.22465e-16,-1,0.5,-0.866025,甲,辰,0,1,0.866025,-0.5,己,酉,1.22465e-16,-1,-1,-1.83697e-16,甲,戌,0,1,-0.866025,0.5,己,酉,1.22465e-16,-1,-1,-1.83697e-16,乙,亥,0.587785,0.809017,-0.5,0.866025,癸,卯,-0.587785,0.809017,1,6.12323e-17,辛,酉,-0.951057,-0.309017,-1,-1.83697e-16,庚,午,-0.587785,-0.809017,1.22465e-16,-1,丙,寅,0.951057,0.309017,0.866025,0.5,甲,辰,0,1,0.866025,-0.5,戊,申,0.587785,-0.809017,-0.866025,-0.5,長生,胎,衰,死,墓庫,冠帶,臨官,沐浴,墓庫,胎,養,衰,胎,長生,衰,臨官,冠帶,墓庫,病,帝旺,養,沐浴,冠帶,墓庫,絕,死,冠帶,帝旺,衰,養,死,絕,冠帶,長生,養,衰
131,2024-05-16 00:00:00+08:00,19262.8,19442.9,19114.4,19376.5,5813458500,0,0,HSI,^HSI,14098358982759765286,2025-06-02 08:53:16.696166+08:00,丙子,庚辰,乙亥,辛未,己巳,甲辰,己酉,甲戌,癸卯,庚卯,庚巳,甲巳,己酉,乙亥,癸卯,辛酉,庚午,丙寅,甲辰,戊申,2024,5,16,0,3,2,False,False,False,False,False,False,137,20,丙,子,0.951057,0.309017,0,1,庚,辰,-0.587785,-0.809017,0.866025,-0.5,乙,亥,0.587785,0.809017,-0.5,0.866025,辛,未,-0.951057,-0.309017,-0.5,-0.866025,己,巳,1.22465e-16,-1,0.5,-0.866025,甲,辰,0,1,0.866025,-0.5,己,酉,1.22465e-16,-1,-1,-1.83697e-16,甲,戌,0,1,-0.866025,0.5,己,酉,1.22465e-16,-1,-1,-1.83697e-16,乙,亥,0.587785,0.809017,-0.5,0.866025,癸,卯,-0.587785,0.809017,1,6.12323e-17,辛,酉,-0.951057,-0.309017,-1,-1.83697e-16,庚,午,-0.587785,-0.809017,1.22465e-16,-1,丙,寅,0.951057,0.309017,0.866025,0.5,甲,辰,0,1,0.866025,-0.5,戊,申,0.587785,-0.809017,-0.866025,-0.5,長生,墓庫,衰,死,墓庫,冠帶,臨官,養,墓庫,胎,養,衰,胎,冠帶,衰,臨官,冠帶,墓庫,病,冠帶,養,沐浴,冠帶,墓庫,絕,衰,冠帶,帝旺,衰,養,死,養,冠帶,長生,養,衰
132,2024-05-17 00:00:00+08:00,19525.1,19602.2,19343,19553.6,4376057600,0,0,HSI,^HSI,16284636994314355033,2025-06-02 08:53:16.696166+08:00,戊子,辛巳,丙子,癸未,己巳,甲辰,己酉,甲戌,乙卯,辛辰,庚巳,甲巳,己酉,乙亥,癸卯,辛酉,庚午,丙寅,甲辰,戊申,2024,5,17,0,4,2,False,False,False,False,False,False,138,20,戊,子,0.587785,-0.809017,0,1,辛,巳,-0.951057,-0.309017,0.5,-0.866025,丙,子,0.951057,0.309017,0,1,癸,未,-0.587785,0.809017,-0.5,-0.866025,己,巳,1.22465e-16,-1,0.5,-0.866025,甲,辰,0,1,0.866025,-0.5,己,酉,1.22465e-16,-1,-1,-1.83697e-16,甲,戌,0,1,-0.866025,0.5,己,酉,1.22465e-16,-1,-1,-1.83697e-16,乙,亥,0.587785,0.809017,-0.5,0.866025,癸,卯,-0.587785,0.809017,1,6.12323e-17,辛,酉,-0.951057,-0.309017,-1,-1.83697e-16,庚,午,-0.587785,-0.809017,1.22465e-16,-1,丙,寅,0.951057,0.309017,0.866025,0.5,甲,辰,0,1,0.866025,-0.5,戊,申,0.587785,-0.809017,-0.866025,-0.5,長生,死,衰,死,墓庫,冠帶,臨官,胎,墓庫,胎,養,衰,胎,臨官,衰,臨官,冠帶,墓庫,病,沐浴,養,沐浴,冠帶,墓庫,絕,帝旺,冠帶,帝旺,衰,養,死,長生,冠帶,長生,養,衰
133,2024-05-20 00:00:00+08:00,19621.4,19706.1,19574.6,19636.2,3501238100,0,0,HSI,^HSI,3397423864227029978,2025-06-02 08:53:16.696166+08:00,甲子,甲申,己卯,己未,己巳,甲辰,己酉,甲戌,辛卯,甲未,辛巳,甲巳,己酉,乙亥,癸卯,辛酉,庚午,丙寅,甲辰,戊申,2024,5,20,0,0,2,False,False,False,False,False,False,141,21,甲,子,0,1,0,1,甲,申,0,1,-0.866025,-0.5,己,卯,1.22465e-16,-1,1,6.12323e-17,己,未,1.22465e-16,-1,-0.5,-0.866025,己,巳,1.22465e-16,-1,0.5,-0.866025,甲,辰,0,1,0.866025,-0.5,己,酉,1.22465e-16,-1,-1,-1.83697e-16,甲,戌,0,1,-0.866025,0.5,己,酉,1.22465e-16,-1,-1,-1.83697e-16,乙,亥,0.587785,0.809017,-0.5,0.866025,癸,卯,-0.587785,0.809017,1,6.12323e-17,辛,酉,-0.951057,-0.309017,-1,-1.83697e-16,庚,午,-0.587785,-0.809017,1.22465e-16,-1,丙,寅,0.951057,0.309017,0.866025,0.5,甲,辰,0,1,0.866025,-0.5,戊,申,0.587785,-0.809017,-0.866025,-0.5,長生,帝旺,衰,死,墓庫,冠帶,臨官,死,墓庫,胎,養,衰,胎,病,衰,臨官,冠帶,墓庫,病,胎,養,沐浴,冠帶,墓庫,絕,沐浴,冠帶,帝旺,衰,養,死,臨官,冠帶,長生,養,衰
134,2024-05-21 00:00:00+08:00,19473.7,19487.4,19175.8,19220.6,3517186600,0,0,HSI,^HSI,15048377766121228616,2025-06-02 08:53:16.696166+08:00,丙子,乙酉,庚辰,辛未,甲申,甲辰,己酉,己丑,癸卯,乙申,丙申,甲巳,己酉,乙亥,癸卯,辛酉,庚午,丙寅,甲辰,戊申,2024,5,21,0,1,2,False,False,False,False,False,False,142,21,丙,子,0.951057,0.309017,0,1,乙,酉,0.587785,0.809017,-1,-1.83697e-16,庚,辰,-0.587785,-0.809017,0.866025,-0.5,辛,未,-0.951057,-0.309017,-0.5,-0.866025,甲,申,0,1,-0.866025,-0.5,甲,辰,0,1,0.866025,-0.5,己,酉,1.22465e-16,-1,-1,-1.83697e-16,己,丑,1.22465e-16,-1,0.5,0.866025,己,酉,1.22465e-16,-1,-1,-1.83697e-16,乙,亥,0.587785,0.809017,-0.5,0.866025,癸,卯,-0.587785,0.809017,1,6.12323e-17,辛,酉,-0.951057,-0.309017,-1,-1.83697e-16,庚,午,-0.587785,-0.809017,1.22465e-16,-1,丙,寅,0.951057,0.309017,0.866025,0.5,甲,辰,0,1,0.866025,-0.5,戊,申,0.587785,-0.809017,-0.866025,-0.5,長生,臨官,衰,帝旺,墓庫,養,臨官,病,墓庫,死,養,冠帶,胎,死,衰,病,冠帶,養,病,絕,養,胎,冠帶,衰,絕,長生,冠帶,沐浴,衰,墓庫,死,帝旺,冠帶,臨官,養,墓庫
135,2024-05-22 00:00:00+08:00,19225.3,19359.7,19149.4,19195.6,2837605100,0,0,HSI,^HSI,2065378297789062777,2025-06-02 08:53:16.696166+08:00,戊子,丙戌,辛巳,癸未,甲申,甲辰,己酉,己丑,乙卯,丙酉,丙申,甲巳,己酉,乙亥,癸卯,辛酉,庚午,丙寅,甲辰,戊申,2024,5,22,0,2,2,False,False,False,False,False,False,143,21,戊,子,0.587785,-0.809017,0,1,丙,戌,0.951057,0.309017,-0.866025,0.5,辛,巳,-0.951057,-0.309017,0.5,-0.866025,癸,未,-0.587785,0.809017,-0.5,-0.866025,甲,申,0,1,-0.866025,-0.5,甲,辰,0,1,0.866025,-0.5,己,酉,1.22465e-16,-1,-1,-1.83697e-16,己,丑,1.22465e-16,-1,0.5,0.866025,己,酉,1.22465e-16,-1,-1,-1.83697e-16,乙,亥,0.587785,0.809017,-0.5,0.866025,癸,卯,-0.587785,0.809017,1,6.12323e-17,辛,酉,-0.951057,-0.309017,-1,-1.83697e-16,庚,午,-0.587785,-0.809017,1.22465e-16,-1,丙,寅,0.951057,0.309017,0.866025,0.5,甲,辰,0,1,0.866025,-0.5,戊,申,0.587785,-0.809017,-0.866025,-0.5,長生,冠帶,衰,帝旺,墓庫,養,臨官,衰,墓庫,死,養,冠帶,胎,墓庫,衰,病,冠帶,養,病,墓庫,養,胎,冠帶,衰,絕,養,冠帶,沐浴,衰,墓庫,死,衰,冠帶,臨官,養,墓庫
136,2024-05-23 00:00:00+08:00,19024.4,19024.4,18776.2,18868.7,3166005900,0,0,HSI,^HSI,3769294444747674551,2025-06-02 08:53:16.696166+08:00,庚子,丁亥,壬午,乙未,甲申,甲辰,己酉,己丑,丁卯,丁戌,丙申,甲巳,己酉,乙亥,癸卯,辛酉,庚午,丙寅,甲辰,戊申,2024,5,23,0,3,2,False,False,False,False,False,False,144,21,庚,子,-0.587785,-0.809017,0,1,丁,亥,0.951057,-0.309017,-0.5,0.866025,壬,午,-0.951057,0.309017,1.22465e-16,-1,乙,未,0.587785,0.809017,-0.5,-0.866025,甲,申,0,1,-0.866025,-0.5,甲,辰,0,1,0.866025,-0.5,己,酉,1.22465e-16,-1,-1,-1.83697e-16,己,丑,1.22465e-16,-1,0.5,0.866025,己,酉,1.22465e-16,-1,-1,-1.83697e-16,乙,亥,0.587785,0.809017,-0.5,0.866025,癸,卯,-0.587785,0.809017,1,6.12323e-17,辛,酉,-0.951057,-0.309017,-1,-1.83697e-16,庚,午,-0.587785,-0.809017,1.22465e-16,-1,丙,寅,0.951057,0.309017,0.866025,0.5,甲,辰,0,1,0.866025,-0.5,戊,申,0.587785,-0.809017,-0.866025,-0.5,長生,沐浴,衰,帝旺,墓庫,養,臨官,帝旺,墓庫,死,養,冠帶,胎,絕,衰,病,冠帶,養,病,死,養,胎,冠帶,衰,絕,胎,冠帶,沐浴,衰,墓庫,死,病,冠帶,臨官,養,墓庫
137,2024-05-24 00:00:00+08:00,18742.3,18867.9,18532.4,18608.9,3549017600,0,0,HSI,^HSI,5478391837204848556,2025-06-02 08:53:16.696166+08:00,壬子,戊子,癸未,丁未,甲申,甲辰,己酉,己丑,己卯,戊亥,丙申,甲巳,己酉,乙亥,癸卯,辛酉,庚午,丙寅,甲辰,戊申,2024,5,24,0,4,2,False,False,False,False,False,False,145,21,壬,子,-0.951057,0.309017,0,1,戊,子,0.587785,-0.809017,0,1,癸,未,-0.587785,0.809017,-0.5,-0.866025,丁,未,0.951057,-0.309017,-0.5,-0.866025,甲,申,0,1,-0.866025,-0.5,甲,辰,0,1,0.866025,-0.5,己,酉,1.22465e-16,-1,-1,-1.83697e-16,己,丑,1.22465e-16,-1,0.5,0.866025,己,酉,1.22465e-16,-1,-1,-1.83697e-16,乙,亥,0.587785,0.809017,-0.5,0.866025,癸,卯,-0.587785,0.809017,1,6.12323e-17,辛,酉,-0.951057,-0.309017,-1,-1.83697e-16,庚,午,-0.587785,-0.809017,1.22465e-16,-1,丙,寅,0.951057,0.309017,0.866025,0.5,甲,辰,0,1,0.866025,-0.5,戊,申,0.587785,-0.809017,-0.866025,-0.5,長生,長生,衰,帝旺,墓庫,養,臨官,臨官,墓庫,死,養,冠帶,胎,胎,衰,病,冠帶,養,病,病,養,胎,冠帶,衰,絕,絕,冠帶,沐浴,衰,墓庫,死,死,冠帶,臨官,養,墓庫
138,2024-05-27 00:00:00+08:00,18606,18871.1,18504.5,18827.3,2906070700,0,0,HSI,^HSI,6626985539710863514,2025-06-02 08:53:16.696166+08:00,戊子,辛卯,丙戌,癸未,甲申,甲辰,己酉,己丑,乙卯,辛寅,丁申,甲巳,己酉,乙亥,癸卯,辛酉,庚午,丙寅,甲辰,戊申,2024,5,27,0,0,2,False,False,False,False,False,False,148,22,戊,子,0.587785,-0.809017,0,1,辛,卯,-0.951057,-0.309017,1,6.12323e-17,丙,戌,0.951057,0.309017,-0.866025,0.5,癸,未,-0.587785,0.809017,-0.5,-0.866025,甲,申,0,1,-0.866025,-0.5,甲,辰,0,1,0.866025,-0.5,己,酉,1.22465e-16,-1,-1,-1.83697e-16,己,丑,1.22465e-16,-1,0.5,0.866025,己,酉,1.22465e-16,-1,-1,-1.83697e-16,乙,亥,0.587785,0.809017,-0.5,0.866025,癸,卯,-0.587785,0.809017,1,6.12323e-17,辛,酉,-0.951057,-0.309017,-1,-1.83697e-16,庚,午,-0.587785,-0.809017,1.22465e-16,-1,丙,寅,0.951057,0.309017,0.866025,0.5,甲,辰,0,1,0.866025,-0.5,戊,申,0.587785,-0.809017,-0.866025,-0.5,長生,絕,衰,帝旺,墓庫,養,臨官,長生,墓庫,死,養,冠帶,胎,沐浴,衰,病,冠帶,養,病,臨官,養,胎,冠帶,衰,絕,病,冠帶,沐浴,衰,墓庫,死,胎,冠帶,臨官,養,墓庫
139,2024-05-28 00:00:00+08:00,18814,19000.5,18776.1,18821.2,2432705400,0,0,HSI,^HSI,11117670200986672049,2025-06-02 08:53:16.696166+08:00,庚子,壬辰,丁亥,乙未,甲申,甲辰,己酉,己丑,丁卯,壬卯,壬申,甲巳,己酉,乙亥,癸卯,辛酉,庚午,丙寅,甲辰,戊申,2024,5,28,0,1,2,False,False,False,False,False,False,149,22,庚,子,-0.587785,-0.809017,0,1,壬,辰,-0.951057,0.309017,0.866025,-0.5,丁,亥,0.951057,-0.309017,-0.5,0.866025,乙,未,0.587785,0.809017,-0.5,-0.866025,甲,申,0,1,-0.866025,-0.5,甲,辰,0,1,0.866025,-0.5,己,酉,1.22465e-16,-1,-1,-1.83697e-16,己,丑,1.22465e-16,-1,0.5,0.866025,己,酉,1.22465e-16,-1,-1,-1.83697e-16,乙,亥,0.587785,0.809017,-0.5,0.866025,癸,卯,-0.587785,0.809017,1,6.12323e-17,辛,酉,-0.951057,-0.309017,-1,-1.83697e-16,庚,午,-0.587785,-0.809017,1.22465e-16,-1,丙,寅,0.951057,0.309017,0.866025,0.5,甲,辰,0,1,0.866025,-0.5,戊,申,0.587785,-0.809017,-0.866025,-0.5,長生,墓庫,衰,帝旺,墓庫,養,臨官,養,墓庫,死,養,冠帶,胎,冠帶,衰,病,冠帶,養,病,冠帶,養,胎,冠帶,衰,絕,衰,冠帶,沐浴,衰,墓庫,死,養,冠帶,臨官,養,墓庫
140,2024-05-29 00:00:00+08:00,18659.4,18694.6,18425.1,18477,3215579000,0,0,HSI,^HSI,13995404352399237850,2025-06-02 08:53:16.696166+08:00,壬子,癸巳,戊子,丁未,甲申,甲辰,己酉,己丑,己卯,癸辰,壬申,甲巳,己酉,乙亥,癸卯,辛酉,庚午,丙寅,甲辰,戊申,2024,5,29,0,2,2,False,False,False,False,False,False,150,22,壬,子,-0.951057,0.309017,0,1,癸,巳,-0.587785,0.809017,0.5,-0.866025,戊,子,0.587785,-0.809017,0,1,丁,未,0.951057,-0.309017,-0.5,-0.866025,甲,申,0,1,-0.866025,-0.5,甲,辰,0,1,0.866025,-0.5,己,酉,1.22465e-16,-1,-1,-1.83697e-16,己,丑,1.22465e-16,-1,0.5,0.866025,己,酉,1.22465e-16,-1,-1,-1.83697e-16,乙,亥,0.587785,0.809017,-0.5,0.866025,癸,卯,-0.587785,0.809017,1,6.12323e-17,辛,酉,-0.951057,-0.309017,-1,-1.83697e-16,庚,午,-0.587785,-0.809017,1.22465e-16,-1,丙,寅,0.951057,0.309017,0.866025,0.5,甲,辰,0,1,0.866025,-0.5,戊,申,0.587785,-0.809017,-0.866025,-0.5,長生,死,衰,帝旺,墓庫,養,臨官,胎,墓庫,死,養,冠帶,胎,臨官,衰,病,冠帶,養,病,沐浴,養,胎,冠帶,衰,絕,帝旺,冠帶,沐浴,衰,墓庫,死,長生,冠帶,臨官,養,墓庫
141,2024-05-30 00:00:00+08:00,18423.8,18537.9,18163.2,18230.2,3492796500,0,0,HSI,^HSI,11022651325192427390,2025-06-02 08:53:16.696166+08:00,甲子,甲午,己丑,己未,甲申,甲辰,己酉,己丑,辛卯,甲巳,壬申,甲巳,己酉,乙亥,癸卯,辛酉,庚午,丙寅,甲辰,戊申,2024,5,30,0,3,2,False,False,False,False,False,False,151,22,甲,子,0,1,0,1,甲,午,0,1,1.22465e-16,-1,己,丑,1.22465e-16,-1,0.5,0.866025,己,未,1.22465e-16,-1,-0.5,-0.866025,甲,申,0,1,-0.866025,-0.5,甲,辰,0,1,0.866025,-0.5,己,酉,1.22465e-16,-1,-1,-1.83697e-16,己,丑,1.22465e-16,-1,0.5,0.866025,己,酉,1.22465e-16,-1,-1,-1.83697e-16,乙,亥,0.587785,0.809017,-0.5,0.866025,癸,卯,-0.587785,0.809017,1,6.12323e-17,辛,酉,-0.951057,-0.309017,-1,-1.83697e-16,庚,午,-0.587785,-0.809017,1.22465e-16,-1,丙,寅,0.951057,0.309017,0.866025,0.5,甲,辰,0,1,0.866025,-0.5,戊,申,0.587785,-0.809017,-0.866025,-0.5,長生,病,衰,帝旺,墓庫,養,臨官,絕,墓庫,死,養,冠帶,胎,帝旺,衰,病,冠帶,養,病,長生,養,胎,冠帶,衰,絕,臨官,冠帶,沐浴,衰,墓庫,死,沐浴,冠帶,臨官,養,墓庫
142,2024-05-31 00:00:00+08:00,18409.6,18551.2,18077.4,18079.6,5337054200,0,0,HSI,^HSI,1217689629718695270,2025-06-02 08:53:16.696166+08:00,丙子,乙未,庚寅,辛未,甲申,甲辰,己酉,己丑,癸卯,乙午,癸申,甲巳,己酉,乙亥,癸卯,辛酉,庚午,丙寅,甲辰,戊申,2024,5,31,0,4,2,False,True,False,False,False,False,152,22,丙,子,0.951057,0.309017,0,1,乙,未,0.587785,0.809017,-0.5,-0.866025,庚,寅,-0.587785,-0.809017,0.866025,0.5,辛,未,-0.951057,-0.309017,-0.5,-0.866025,甲,申,0,1,-0.866025,-0.5,甲,辰,0,1,0.866025,-0.5,己,酉,1.22465e-16,-1,-1,-1.83697e-16,己,丑,1.22465e-16,-1,0.5,0.866025,己,酉,1.22465e-16,-1,-1,-1.83697e-16,乙,亥,0.587785,0.809017,-0.5,0.866025,癸,卯,-0.587785,0.809017,1,6.12323e-17,辛,酉,-0.951057,-0.309017,-1,-1.83697e-16,庚,午,-0.587785,-0.809017,1.22465e-16,-1,丙,寅,0.951057,0.309017,0.866025,0.5,甲,辰,0,1,0.866025,-0.5,戊,申,0.587785,-0.809017,-0.866025,-0.5,長生,衰,衰,帝旺,墓庫,養,臨官,墓庫,墓庫,死,養,冠帶,胎,衰,衰,病,冠帶,養,病,養,養,胎,冠帶,衰,絕,冠帶,冠帶,沐浴,衰,墓庫,死,冠帶,冠帶,臨官,養,墓庫
143,2024-06-03 00:00:00+08:00,18283.6,18573.8,18283.6,18403,3140936400,0,0,HSI,^HSI,1763256474156499861,2025-06-02 08:53:16.696166+08:00,壬子,戊戌,癸巳,丁未,甲申,甲辰,己酉,己丑,己卯,戊酉,戊申,甲巳,己酉,乙亥,癸卯,辛酉,庚午,丙寅,甲辰,戊申,2024,6,3,0,0,2,False,False,False,False,False,False,155,23,壬,子,-0.951057,0.309017,0,1,戊,戌,0.587785,-0.809017,-0.866025,0.5,癸,巳,-0.587785,0.809017,0.5,-0.866025,丁,未,0.951057,-0.309017,-0.5,-0.866025,甲,申,0,1,-0.866025,-0.5,甲,辰,0,1,0.866025,-0.5,己,酉,1.22465e-16,-1,-1,-1.83697e-16,己,丑,1.22465e-16,-1,0.5,0.866025,己,酉,1.22465e-16,-1,-1,-1.83697e-16,乙,亥,0.587785,0.809017,-0.5,0.866025,癸,卯,-0.587785,0.809017,1,6.12323e-17,辛,酉,-0.951057,-0.309017,-1,-1.83697e-16,庚,午,-0.587785,-0.809017,1.22465e-16,-1,丙,寅,0.951057,0.309017,0.866025,0.5,甲,辰,0,1,0.866025,-0.5,戊,申,0.587785,-0.809017,-0.866025,-0.5,長生,冠帶,衰,帝旺,墓庫,養,臨官,衰,墓庫,死,養,冠帶,胎,墓庫,衰,病,冠帶,養,病,墓庫,養,胎,冠帶,衰,絕,養,冠帶,沐浴,衰,墓庫,死,衰,冠帶,臨官,養,墓庫
144,2024-06-04 00:00:00+08:00,18335.4,18541,18335.4,18444.1,2971467000,0,0,HSI,^HSI,7795067964937266800,2025-06-02 08:53:16.696166+08:00,甲子,己亥,甲午,己未,甲申,甲辰,己酉,己丑,辛卯,己戌,戊申,甲巳,己酉,乙亥,癸卯,辛酉,庚午,丙寅,甲辰,戊申,2024,6,4,0,1,2,False,False,False,False,False,False,156,23,甲,子,0,1,0,1,己,亥,1.22465e-16,-1,-0.5,0.866025,甲,午,0,1,1.22465e-16,-1,己,未,1.22465e-16,-1,-0.5,-0.866025,甲,申,0,1,-0.866025,-0.5,甲,辰,0,1,0.866025,-0.5,己,酉,1.22465e-16,-1,-1,-1.83697e-16,己,丑,1.22465e-16,-1,0.5,0.866025,己,酉,1.22465e-16,-1,-1,-1.83697e-16,乙,亥,0.587785,0.809017,-0.5,0.866025,癸,卯,-0.587785,0.809017,1,6.12323e-17,辛,酉,-0.951057,-0.309017,-1,-1.83697e-16,庚,午,-0.587785,-0.809017,1.22465e-16,-1,丙,寅,0.951057,0.309017,0.866025,0.5,甲,辰,0,1,0.866025,-0.5,戊,申,0.587785,-0.809017,-0.866025,-0.5,長生,沐浴,衰,帝旺,墓庫,養,臨官,帝旺,墓庫,死,養,冠帶,胎,絕,衰,病,冠帶,養,病,死,養,胎,冠帶,衰,絕,胎,冠帶,沐浴,衰,墓庫,死,病,冠帶,臨官,養,墓庫
145,2024-06-05 00:00:00+08:00,18489.8,18724.6,18375.3,18425,3250805000,0,0,HSI,^HSI,6949616337783401232,2025-06-02 08:53:16.696166+08:00,丙子,庚子,乙未,辛未,甲申,甲辰,己酉,己丑,癸卯,庚亥,戊申,甲巳,己酉,乙亥,癸卯,辛酉,庚午,丙寅,甲辰,戊申,2024,6,5,0,2,2,False,False,False,False,False,False,157,23,丙,子,0.951057,0.309017,0,1,庚,子,-0.587785,-0.809017,0,1,乙,未,0.587785,0.809017,-0.5,-0.866025,辛,未,-0.951057,-0.309017,-0.5,-0.866025,甲,申,0,1,-0.866025,-0.5,甲,辰,0,1,0.866025,-0.5,己,酉,1.22465e-16,-1,-1,-1.83697e-16,己,丑,1.22465e-16,-1,0.5,0.866025,己,酉,1.22465e-16,-1,-1,-1.83697e-16,乙,亥,0.587785,0.809017,-0.5,0.866025,癸,卯,-0.587785,0.809017,1,6.12323e-17,辛,酉,-0.951057,-0.309017,-1,-1.83697e-16,庚,午,-0.587785,-0.809017,1.22465e-16,-1,丙,寅,0.951057,0.309017,0.866025,0.5,甲,辰,0,1,0.866025,-0.5,戊,申,0.587785,-0.809017,-0.866025,-0.5,長生,長生,衰,帝旺,墓庫,養,臨官,臨官,墓庫,死,養,冠帶,胎,胎,衰,病,冠帶,養,病,病,養,胎,冠帶,衰,絕,絕,冠帶,沐浴,衰,墓庫,死,死,冠帶,臨官,養,墓庫
146,2024-06-06 00:00:00+08:00,18577.6,18700.7,18383.8,18476.8,2797746800,0,0,HSI,^HSI,9137340789226531419,2025-06-02 08:53:16.696166+08:00,戊子,辛丑,丙午,癸巳,庚午,己未,甲寅,乙丑,乙卯,辛子,庚午,甲午,己酉,乙亥,癸卯,辛酉,庚午,丙寅,甲辰,戊申,2024,6,6,0,3,2,False,False,False,False,False,False,158,23,戊,子,0.587785,-0.809017,0,1,辛,丑,-0.951057,-0.309017,0.5,0.866025,丙,午,0.951057,0.309017,1.22465e-16,-1,癸,巳,-0.587785,0.809017,0.5,-0.866025,庚,午,-0.587785,-0.809017,1.22465e-16,-1,己,未,1.22465e-16,-1,-0.5,-0.866025,甲,寅,0,1,0.866025,0.5,乙,丑,0.587785,0.809017,0.5,0.866025,己,酉,1.22465e-16,-1,-1,-1.83697e-16,乙,亥,0.587785,0.809017,-0.5,0.866025,癸,卯,-0.587785,0.809017,1,6.12323e-17,辛,酉,-0.951057,-0.309017,-1,-1.83697e-16,庚,午,-0.587785,-0.809017,1.22465e-16,-1,丙,寅,0.951057,0.309017,0.866025,0.5,甲,辰,0,1,0.866025,-0.5,戊,申,0.587785,-0.809017,-0.866025,-0.5,長生,養,死,病,衰,養,臨官,冠帶,胎,絕,墓庫,冠帶,胎,養,臨官,帝旺,衰,養,病,衰,沐浴,長生,養,衰,絕,墓庫,帝旺,臨官,冠帶,墓庫,死,墓庫,長生,沐浴,冠帶,墓庫
147,2024-06-07 00:00:00+08:00,18562.5,18575.7,18302.3,18366.9,3310059200,0,0,HSI,^HSI,10105359392680549901,2025-06-02 08:53:16.696166+08:00,庚子,壬寅,丁未,乙巳,庚午,己未,甲寅,乙丑,丁卯,壬丑,庚午,甲午,己酉,乙亥,癸卯,辛酉,庚午,丙寅,甲辰,戊申,2024,6,7,0,4,2,False,False,False,False,False,False,159,23,庚,子,-0.587785,-0.809017,0,1,壬,寅,-0.951057,0.309017,0.866025,0.5,丁,未,0.951057,-0.309017,-0.5,-0.866025,乙,巳,0.587785,0.809017,0.5,-0.866025,庚,午,-0.587785,-0.809017,1.22465e-16,-1,己,未,1.22465e-16,-1,-0.5,-0.866025,甲,寅,0,1,0.866025,0.5,乙,丑,0.587785,0.809017,0.5,0.866025,己,酉,1.22465e-16,-1,-1,-1.83697e-16,乙,亥,0.587785,0.809017,-0.5,0.866025,癸,卯,-0.587785,0.809017,1,6.12323e-17,辛,酉,-0.951057,-0.309017,-1,-1.83697e-16,庚,午,-0.587785,-0.809017,1.22465e-16,-1,丙,寅,0.951057,0.309017,0.866025,0.5,甲,辰,0,1,0.866025,-0.5,戊,申,0.587785,-0.809017,-0.866025,-0.5,長生,胎,死,病,衰,養,臨官,沐浴,胎,絕,墓庫,冠帶,胎,長生,臨官,帝旺,衰,養,病,帝旺,沐浴,長生,養,衰,絕,死,帝旺,臨官,冠帶,墓庫,死,絕,長生,沐浴,冠帶,墓庫
148,2024-06-11 00:00:00+08:00,18163.1,18267.7,17994.1,18176.3,3528461800,0,0,HSI,^HSI,2688672113910328910,2025-06-02 08:53:16.696166+08:00,戊子,丙午,辛亥,癸巳,庚午,己未,甲寅,乙丑,乙卯,丙巳,乙午,甲午,己酉,乙亥,癸卯,辛酉,庚午,丙寅,甲辰,戊申,2024,6,11,0,1,2,False,False,False,False,False,False,163,24,戊,子,0.587785,-0.809017,0,1,丙,午,0.951057,0.309017,1.22465e-16,-1,辛,亥,-0.951057,-0.309017,-0.5,0.866025,癸,巳,-0.587785,0.809017,0.5,-0.866025,庚,午,-0.587785,-0.809017,1.22465e-16,-1,己,未,1.22465e-16,-1,-0.5,-0.866025,甲,寅,0,1,0.866025,0.5,乙,丑,0.587785,0.809017,0.5,0.866025,己,酉,1.22465e-16,-1,-1,-1.83697e-16,乙,亥,0.587785,0.809017,-0.5,0.866025,癸,卯,-0.587785,0.809017,1,6.12323e-17,辛,酉,-0.951057,-0.309017,-1,-1.83697e-16,庚,午,-0.587785,-0.809017,1.22465e-16,-1,丙,寅,0.951057,0.309017,0.866025,0.5,甲,辰,0,1,0.866025,-0.5,戊,申,0.587785,-0.809017,-0.866025,-0.5,長生,病,死,病,衰,養,臨官,絕,胎,絕,墓庫,冠帶,胎,帝旺,臨官,帝旺,衰,養,病,長生,沐浴,長生,養,衰,絕,臨官,帝旺,臨官,冠帶,墓庫,死,沐浴,長生,沐浴,冠帶,墓庫
149,2024-06-12 00:00:00+08:00,18032.4,18063.7,17848.8,17937.8,3139463400,0,0,HSI,^HSI,6712563699316137518,2025-06-02 08:53:16.696166+08:00,庚子,丁未,壬子,乙巳,庚午,己未,甲寅,乙丑,丁卯,丁午,丙午,甲午,己酉,乙亥,癸卯,辛酉,庚午,丙寅,甲辰,戊申,2024,6,12,0,2,2,False,False,False,False,False,False,164,24,庚,子,-0.587785,-0.809017,0,1,丁,未,0.951057,-0.309017,-0.5,-0.866025,壬,子,-0.951057,0.309017,0,1,乙,巳,0.587785,0.809017,0.5,-0.866025,庚,午,-0.587785,-0.809017,1.22465e-16,-1,己,未,1.22465e-16,-1,-0.5,-0.866025,甲,寅,0,1,0.866025,0.5,乙,丑,0.587785,0.809017,0.5,0.866025,己,酉,1.22465e-16,-1,-1,-1.83697e-16,乙,亥,0.587785,0.809017,-0.5,0.866025,癸,卯,-0.587785,0.809017,1,6.12323e-17,辛,酉,-0.951057,-0.309017,-1,-1.83697e-16,庚,午,-0.587785,-0.809017,1.22465e-16,-1,丙,寅,0.951057,0.309017,0.866025,0.5,甲,辰,0,1,0.866025,-0.5,戊,申,0.587785,-0.809017,-0.866025,-0.5,長生,衰,死,病,衰,養,臨官,墓庫,胎,絕,墓庫,冠帶,胎,衰,臨官,帝旺,衰,養,病,養,沐浴,長生,養,衰,絕,冠帶,帝旺,臨官,冠帶,墓庫,死,冠帶,長生,沐浴,冠帶,墓庫
150,2024-06-13 00:00:00+08:00,18104.1,18173.5,17971.6,18112.6,2331253000,0,0,HSI,^HSI,4100351135600082069,2025-06-02 08:53:16.696166+08:00,壬子,戊申,癸丑,丁巳,庚午,己未,甲寅,乙丑,己卯,戊未,丙午,甲午,己酉,乙亥,癸卯,辛酉,庚午,丙寅,甲辰,戊申,2024,6,13,0,3,2,False,False,False,False,False,False,165,24,壬,子,-0.951057,0.309017,0,1,戊,申,0.587785,-0.809017,-0.866025,-0.5,癸,丑,-0.587785,0.809017,0.5,0.866025,丁,巳,0.951057,-0.309017,0.5,-0.866025,庚,午,-0.587785,-0.809017,1.22465e-16,-1,己,未,1.22465e-16,-1,-0.5,-0.866025,甲,寅,0,1,0.866025,0.5,乙,丑,0.587785,0.809017,0.5,0.866025,己,酉,1.22465e-16,-1,-1,-1.83697e-16,乙,亥,0.587785,0.809017,-0.5,0.866025,癸,卯,-0.587785,0.809017,1,6.12323e-17,辛,酉,-0.951057,-0.309017,-1,-1.83697e-16,庚,午,-0.587785,-0.809017,1.22465e-16,-1,丙,寅,0.951057,0.309017,0.866025,0.5,甲,辰,0,1,0.866025,-0.5,戊,申,0.587785,-0.809017,-0.866025,-0.5,長生,帝旺,死,病,衰,養,臨官,死,胎,絕,墓庫,冠帶,胎,病,臨官,帝旺,衰,養,病,胎,沐浴,長生,養,衰,絕,沐浴,帝旺,臨官,冠帶,墓庫,死,臨官,長生,沐浴,冠帶,墓庫
151,2024-06-14 00:00:00+08:00,18028.1,18109.9,17927.2,17941.8,2621288300,0,0,HSI,^HSI,11509394423049924262,2025-06-02 08:53:16.696166+08:00,甲子,己酉,甲寅,己巳,庚午,己未,甲寅,乙丑,辛卯,己申,丙午,甲午,己酉,乙亥,癸卯,辛酉,庚午,丙寅,甲辰,戊申,2024,6,14,0,4,2,False,False,False,False,False,False,166,24,甲,子,0,1,0,1,己,酉,1.22465e-16,-1,-1,-1.83697e-16,甲,寅,0,1,0.866025,0.5,己,巳,1.22465e-16,-1,0.5,-0.866025,庚,午,-0.587785,-0.809017,1.22465e-16,-1,己,未,1.22465e-16,-1,-0.5,-0.866025,甲,寅,0,1,0.866025,0.5,乙,丑,0.587785,0.809017,0.5,0.866025,己,酉,1.22465e-16,-1,-1,-1.83697e-16,乙,亥,0.587785,0.809017,-0.5,0.866025,癸,卯,-0.587785,0.809017,1,6.12323e-17,辛,酉,-0.951057,-0.309017,-1,-1.83697e-16,庚,午,-0.587785,-0.809017,1.22465e-16,-1,丙,寅,0.951057,0.309017,0.866025,0.5,甲,辰,0,1,0.866025,-0.5,戊,申,0.587785,-0.809017,-0.866025,-0.5,長生,臨官,死,病,衰,養,臨官,病,胎,絕,墓庫,冠帶,胎,死,臨官,帝旺,衰,養,病,絕,沐浴,長生,養,衰,絕,長生,帝旺,臨官,冠帶,墓庫,死,帝旺,長生,沐浴,冠帶,墓庫
152,2024-06-17 00:00:00+08:00,17848.9,18122.8,17753,17936.1,2118421200,0,0,HSI,^HSI,781003965848322224,2025-06-02 08:53:16.696166+08:00,庚子,壬子,丁巳,乙巳,庚午,己未,甲寅,乙丑,丁卯,壬亥,辛午,甲午,己酉,乙亥,癸卯,辛酉,庚午,丙寅,甲辰,戊申,2024,6,17,0,0,2,False,False,False,False,False,False,169,25,庚,子,-0.587785,-0.809017,0,1,壬,子,-0.951057,0.309017,0,1,丁,巳,0.951057,-0.309017,0.5,-0.866025,乙,巳,0.587785,0.809017,0.5,-0.866025,庚,午,-0.587785,-0.809017,1.22465e-16,-1,己,未,1.22465e-16,-1,-0.5,-0.866025,甲,寅,0,1,0.866025,0.5,乙,丑,0.587785,0.809017,0.5,0.866025,己,酉,1.22465e-16,-1,-1,-1.83697e-16,乙,亥,0.587785,0.809017,-0.5,0.866025,癸,卯,-0.587785,0.809017,1,6.12323e-17,辛,酉,-0.951057,-0.309017,-1,-1.83697e-16,庚,午,-0.587785,-0.809017,1.22465e-16,-1,丙,寅,0.951057,0.309017,0.866025,0.5,甲,辰,0,1,0.866025,-0.5,戊,申,0.587785,-0.809017,-0.866025,-0.5,長生,長生,死,病,衰,養,臨官,臨官,胎,絕,墓庫,冠帶,胎,胎,臨官,帝旺,衰,養,病,病,沐浴,長生,養,衰,絕,絕,帝旺,臨官,冠帶,墓庫,死,死,長生,沐浴,冠帶,墓庫
153,2024-06-18 00:00:00+08:00,17961.9,18043.5,17854.8,17915.6,2550030800,0,0,HSI,^HSI,7111386531060519345,2025-06-02 08:53:16.696166+08:00,壬子,癸丑,戊午,丁巳,庚午,己未,甲寅,乙丑,己卯,癸子,壬午,甲午,己酉,乙亥,癸卯,辛酉,庚午,丙寅,甲辰,戊申,2024,6,18,0,1,2,False,False,False,False,False,False,170,25,壬,子,-0.951057,0.309017,0,1,癸,丑,-0.587785,0.809017,0.5,0.866025,戊,午,0.587785,-0.809017,1.22465e-16,-1,丁,巳,0.951057,-0.309017,0.5,-0.866025,庚,午,-0.587785,-0.809017,1.22465e-16,-1,己,未,1.22465e-16,-1,-0.5,-0.866025,甲,寅,0,1,0.866025,0.5,乙,丑,0.587785,0.809017,0.5,0.866025,己,酉,1.22465e-16,-1,-1,-1.83697e-16,乙,亥,0.587785,0.809017,-0.5,0.866025,癸,卯,-0.587785,0.809017,1,6.12323e-17,辛,酉,-0.951057,-0.309017,-1,-1.83697e-16,庚,午,-0.587785,-0.809017,1.22465e-16,-1,丙,寅,0.951057,0.309017,0.866025,0.5,甲,辰,0,1,0.866025,-0.5,戊,申,0.587785,-0.809017,-0.866025,-0.5,長生,養,死,病,衰,養,臨官,冠帶,胎,絕,墓庫,冠帶,胎,養,臨官,帝旺,衰,養,病,衰,沐浴,長生,養,衰,絕,墓庫,帝旺,臨官,冠帶,墓庫,死,墓庫,長生,沐浴,冠帶,墓庫
154,2024-06-19 00:00:00+08:00,18056.2,18448.7,18039,18430.4,3513293400,0,0,HSI,^HSI,2729600960465829346,2025-06-02 08:53:16.696166+08:00,甲子,甲寅,己未,己巳,庚午,己未,甲寅,乙丑,辛卯,甲丑,壬午,甲午,己酉,乙亥,癸卯,辛酉,庚午,丙寅,甲辰,戊申,2024,6,19,0,2,2,False,False,False,False,False,False,171,25,甲,子,0,1,0,1,甲,寅,0,1,0.866025,0.5,己,未,1.22465e-16,-1,-0.5,-0.866025,己,巳,1.22465e-16,-1,0.5,-0.866025,庚,午,-0.587785,-0.809017,1.22465e-16,-1,己,未,1.22465e-16,-1,-0.5,-0.866025,甲,寅,0,1,0.866025,0.5,乙,丑,0.587785,0.809017,0.5,0.866025,己,酉,1.22465e-16,-1,-1,-1.83697e-16,乙,亥,0.587785,0.809017,-0.5,0.866025,癸,卯,-0.587785,0.809017,1,6.12323e-17,辛,酉,-0.951057,-0.309017,-1,-1.83697e-16,庚,午,-0.587785,-0.809017,1.22465e-16,-1,丙,寅,0.951057,0.309017,0.866025,0.5,甲,辰,0,1,0.866025,-0.5,戊,申,0.587785,-0.809017,-0.866025,-0.5,長生,胎,死,病,衰,養,臨官,沐浴,胎,絕,墓庫,冠帶,胎,長生,臨官,帝旺,衰,養,病,帝旺,沐浴,長生,養,衰,絕,死,帝旺,臨官,冠帶,墓庫,死,絕,長生,沐浴,冠帶,墓庫
155,2024-06-20 00:00:00+08:00,18453.6,18520.4,18274.2,18335.3,2682897600,0,0,HSI,^HSI,12262957967712407880,2025-06-02 08:53:16.696166+08:00,丙子,乙卯,庚申,辛巳,庚午,己未,甲寅,乙丑,癸卯,乙寅,壬午,甲午,己酉,乙亥,癸卯,辛酉,庚午,丙寅,甲辰,戊申,2024,6,20,0,3,2,False,False,False,False,False,False,172,25,丙,子,0.951057,0.309017,0,1,乙,卯,0.587785,0.809017,1,6.12323e-17,庚,申,-0.587785,-0.809017,-0.866025,-0.5,辛,巳,-0.951057,-0.309017,0.5,-0.866025,庚,午,-0.587785,-0.809017,1.22465e-16,-1,己,未,1.22465e-16,-1,-0.5,-0.866025,甲,寅,0,1,0.866025,0.5,乙,丑,0.587785,0.809017,0.5,0.866025,己,酉,1.22465e-16,-1,-1,-1.83697e-16,乙,亥,0.587785,0.809017,-0.5,0.866025,癸,卯,-0.587785,0.809017,1,6.12323e-17,辛,酉,-0.951057,-0.309017,-1,-1.83697e-16,庚,午,-0.587785,-0.809017,1.22465e-16,-1,丙,寅,0.951057,0.309017,0.866025,0.5,甲,辰,0,1,0.866025,-0.5,戊,申,0.587785,-0.809017,-0.866025,-0.5,長生,絕,死,病,衰,養,臨官,長生,胎,絕,墓庫,冠帶,胎,沐浴,臨官,帝旺,衰,養,病,臨官,沐浴,長生,養,衰,絕,病,帝旺,臨官,冠帶,墓庫,死,胎,長生,沐浴,冠帶,墓庫
156,2024-06-21 00:00:00+08:00,18199.1,18240.1,17968.4,18028.5,3426213700,0,0,HSI,^HSI,7978860877423405258,2025-06-02 08:53:16.696166+08:00,戊子,丙辰,辛酉,癸巳,庚午,己未,甲寅,乙丑,乙卯,丙卯,壬午,甲午,己酉,乙亥,癸卯,辛酉,庚午,丙寅,甲辰,戊申,2024,6,21,0,4,2,False,False,False,False,False,False,173,25,戊,子,0.587785,-0.809017,0,1,丙,辰,0.951057,0.309017,0.866025,-0.5,辛,酉,-0.951057,-0.309017,-1,-1.83697e-16,癸,巳,-0.587785,0.809017,0.5,-0.866025,庚,午,-0.587785,-0.809017,1.22465e-16,-1,己,未,1.22465e-16,-1,-0.5,-0.866025,甲,寅,0,1,0.866025,0.5,乙,丑,0.587785,0.809017,0.5,0.866025,己,酉,1.22465e-16,-1,-1,-1.83697e-16,乙,亥,0.587785,0.809017,-0.5,0.866025,癸,卯,-0.587785,0.809017,1,6.12323e-17,辛,酉,-0.951057,-0.309017,-1,-1.83697e-16,庚,午,-0.587785,-0.809017,1.22465e-16,-1,丙,寅,0.951057,0.309017,0.866025,0.5,甲,辰,0,1,0.866025,-0.5,戊,申,0.587785,-0.809017,-0.866025,-0.5,長生,墓庫,死,病,衰,養,臨官,養,胎,絕,墓庫,冠帶,胎,冠帶,臨官,帝旺,衰,養,病,冠帶,沐浴,長生,養,衰,絕,衰,帝旺,臨官,冠帶,墓庫,死,養,長生,沐浴,冠帶,墓庫
157,2024-06-24 00:00:00+08:00,17906.4,18032.7,17789.6,18027.7,2716259500,0,0,HSI,^HSI,15736642009807472026,2025-06-02 08:53:16.696166+08:00,甲子,己未,甲子,己巳,乙酉,己未,甲寅,庚辰,辛卯,己午,丁酉,甲午,己酉,乙亥,癸卯,辛酉,庚午,丙寅,甲辰,戊申,2024,6,24,0,0,2,False,False,False,False,False,False,176,26,甲,子,0,1,0,1,己,未,1.22465e-16,-1,-0.5,-0.866025,甲,子,0,1,0,1,己,巳,1.22465e-16,-1,0.5,-0.866025,乙,酉,0.587785,0.809017,-1,-1.83697e-16,己,未,1.22465e-16,-1,-0.5,-0.866025,甲,寅,0,1,0.866025,0.5,庚,辰,-0.587785,-0.809017,0.866025,-0.5,己,酉,1.22465e-16,-1,-1,-1.83697e-16,乙,亥,0.587785,0.809017,-0.5,0.866025,癸,卯,-0.587785,0.809017,1,6.12323e-17,辛,酉,-0.951057,-0.309017,-1,-1.83697e-16,庚,午,-0.587785,-0.809017,1.22465e-16,-1,丙,寅,0.951057,0.309017,0.866025,0.5,甲,辰,0,1,0.866025,-0.5,戊,申,0.587785,-0.809017,-0.866025,-0.5,長生,衰,死,臨官,衰,墓庫,臨官,墓庫,胎,病,墓庫,養,胎,衰,臨官,死,衰,冠帶,病,養,沐浴,絕,養,冠帶,絕,冠帶,帝旺,長生,冠帶,衰,死,冠帶,長生,帝旺,冠帶,養
158,2024-06-25 00:00:00+08:00,18088,18231.5,17959.1,18072.9,2333709800,0,0,HSI,^HSI,2503591181110413427,2025-06-02 08:53:16.696166+08:00,丙子,庚申,乙丑,辛巳,乙酉,己未,甲寅,庚辰,癸卯,庚未,戊酉,甲午,己酉,乙亥,癸卯,辛酉,庚午,丙寅,甲辰,戊申,2024,6,25,0,1,2,False,False,False,False,False,False,177,26,丙,子,0.951057,0.309017,0,1,庚,申,-0.587785,-0.809017,-0.866025,-0.5,乙,丑,0.587785,0.809017,0.5,0.866025,辛,巳,-0.951057,-0.309017,0.5,-0.866025,乙,酉,0.587785,0.809017,-1,-1.83697e-16,己,未,1.22465e-16,-1,-0.5,-0.866025,甲,寅,0,1,0.866025,0.5,庚,辰,-0.587785,-0.809017,0.866025,-0.5,己,酉,1.22465e-16,-1,-1,-1.83697e-16,乙,亥,0.587785,0.809017,-0.5,0.866025,癸,卯,-0.587785,0.809017,1,6.12323e-17,辛,酉,-0.951057,-0.309017,-1,-1.83697e-16,庚,午,-0.587785,-0.809017,1.22465e-16,-1,丙,寅,0.951057,0.309017,0.866025,0.5,甲,辰,0,1,0.866025,-0.5,戊,申,0.587785,-0.809017,-0.866025,-0.5,長生,帝旺,死,臨官,衰,墓庫,臨官,死,胎,病,墓庫,養,胎,病,臨官,死,衰,冠帶,病,胎,沐浴,絕,養,冠帶,絕,沐浴,帝旺,長生,冠帶,衰,死,臨官,長生,帝旺,冠帶,養
159,2024-06-26 00:00:00+08:00,17934.6,18156.3,17934.6,18089.9,2308525600,0,0,HSI,^HSI,17846065762699503756,2025-06-02 08:53:16.696166+08:00,戊子,辛酉,丙寅,癸巳,乙酉,己未,甲寅,庚辰,乙卯,辛申,戊酉,甲午,己酉,乙亥,癸卯,辛酉,庚午,丙寅,甲辰,戊申,2024,6,26,0,2,2,False,False,False,False,False,False,178,26,戊,子,0.587785,-0.809017,0,1,辛,酉,-0.951057,-0.309017,-1,-1.83697e-16,丙,寅,0.951057,0.309017,0.866025,0.5,癸,巳,-0.587785,0.809017,0.5,-0.866025,乙,酉,0.587785,0.809017,-1,-1.83697e-16,己,未,1.22465e-16,-1,-0.5,-0.866025,甲,寅,0,1,0.866025,0.5,庚,辰,-0.587785,-0.809017,0.866025,-0.5,己,酉,1.22465e-16,-1,-1,-1.83697e-16,乙,亥,0.587785,0.809017,-0.5,0.866025,癸,卯,-0.587785,0.809017,1,6.12323e-17,辛,酉,-0.951057,-0.309017,-1,-1.83697e-16,庚,午,-0.587785,-0.809017,1.22465e-16,-1,丙,寅,0.951057,0.309017,0.866025,0.5,甲,辰,0,1,0.866025,-0.5,戊,申,0.587785,-0.809017,-0.866025,-0.5,長生,臨官,死,臨官,衰,墓庫,臨官,病,胎,病,墓庫,養,胎,死,臨官,死,衰,冠帶,病,絕,沐浴,絕,養,冠帶,絕,長生,帝旺,長生,冠帶,衰,死,帝旺,長生,帝旺,冠帶,養
160,2024-06-27 00:00:00+08:00,17946,17961.9,17677.3,17716.5,2806087800,0,0,HSI,^HSI,8887032382490177095,2025-06-02 08:53:16.696166+08:00,庚子,壬戌,丁卯,乙巳,乙酉,己未,甲寅,庚辰,丁卯,壬酉,戊酉,甲午,己酉,乙亥,癸卯,辛酉,庚午,丙寅,甲辰,戊申,2024,6,27,0,3,2,False,False,False,False,False,False,179,26,庚,子,-0.587785,-0.809017,0,1,壬,戌,-0.951057,0.309017,-0.866025,0.5,丁,卯,0.951057,-0.309017,1,6.12323e-17,乙,巳,0.587785,0.809017,0.5,-0.866025,乙,酉,0.587785,0.809017,-1,-1.83697e-16,己,未,1.22465e-16,-1,-0.5,-0.866025,甲,寅,0,1,0.866025,0.5,庚,辰,-0.587785,-0.809017,0.866025,-0.5,己,酉,1.22465e-16,-1,-1,-1.83697e-16,乙,亥,0.587785,0.809017,-0.5,0.866025,癸,卯,-0.587785,0.809017,1,6.12323e-17,辛,酉,-0.951057,-0.309017,-1,-1.83697e-16,庚,午,-0.587785,-0.809017,1.22465e-16,-1,丙,寅,0.951057,0.309017,0.866025,0.5,甲,辰,0,1,0.866025,-0.5,戊,申,0.587785,-0.809017,-0.866025,-0.5,長生,冠帶,死,臨官,衰,墓庫,臨官,衰,胎,病,墓庫,養,胎,墓庫,臨官,死,衰,冠帶,病,墓庫,沐浴,絕,養,冠帶,絕,養,帝旺,長生,冠帶,衰,死,衰,長生,帝旺,冠帶,養
161,2024-06-28 00:00:00+08:00,17583.2,17865.5,17583.2,17718.6,2826596300,0,0,HSI,^HSI,10344495994696999842,2025-06-02 08:53:16.696166+08:00,壬子,癸亥,戊辰,丁巳,乙酉,己未,甲寅,庚辰,己卯,癸戌,癸酉,甲午,己酉,乙亥,癸卯,辛酉,庚午,丙寅,甲辰,戊申,2024,6,28,0,4,2,False,False,False,False,False,False,180,26,壬,子,-0.951057,0.309017,0,1,癸,亥,-0.587785,0.809017,-0.5,0.866025,戊,辰,0.587785,-0.809017,0.866025,-0.5,丁,巳,0.951057,-0.309017,0.5,-0.866025,乙,酉,0.587785,0.809017,-1,-1.83697e-16,己,未,1.22465e-16,-1,-0.5,-0.866025,甲,寅,0,1,0.866025,0.5,庚,辰,-0.587785,-0.809017,0.866025,-0.5,己,酉,1.22465e-16,-1,-1,-1.83697e-16,乙,亥,0.587785,0.809017,-0.5,0.866025,癸,卯,-0.587785,0.809017,1,6.12323e-17,辛,酉,-0.951057,-0.309017,-1,-1.83697e-16,庚,午,-0.587785,-0.809017,1.22465e-16,-1,丙,寅,0.951057,0.309017,0.866025,0.5,甲,辰,0,1,0.866025,-0.5,戊,申,0.587785,-0.809017,-0.866025,-0.5,長生,沐浴,死,臨官,衰,墓庫,臨官,帝旺,胎,病,墓庫,養,胎,絕,臨官,死,衰,冠帶,病,死,沐浴,絕,養,冠帶,絕,胎,帝旺,長生,冠帶,衰,死,病,長生,帝旺,冠帶,養
162,2024-07-02 00:00:00+08:00,17669.4,17986.1,17669.4,17769.1,3374290200,0,0,HSI,^HSI,313631454696370502,2025-06-02 08:53:16.696166+08:00,庚子,丁卯,壬申,乙巳,乙酉,己未,甲寅,庚辰,丁卯,丁寅,甲酉,甲午,己酉,乙亥,癸卯,辛酉,庚午,丙寅,甲辰,戊申,2024,7,2,0,1,3,False,False,False,False,False,False,184,27,庚,子,-0.587785,-0.809017,0,1,丁,卯,0.951057,-0.309017,1,6.12323e-17,壬,申,-0.951057,0.309017,-0.866025,-0.5,乙,巳,0.587785,0.809017,0.5,-0.866025,乙,酉,0.587785,0.809017,-1,-1.83697e-16,己,未,1.22465e-16,-1,-0.5,-0.866025,甲,寅,0,1,0.866025,0.5,庚,辰,-0.587785,-0.809017,0.866025,-0.5,己,酉,1.22465e-16,-1,-1,-1.83697e-16,乙,亥,0.587785,0.809017,-0.5,0.866025,癸,卯,-0.587785,0.809017,1,6.12323e-17,辛,酉,-0.951057,-0.309017,-1,-1.83697e-16,庚,午,-0.587785,-0.809017,1.22465e-16,-1,丙,寅,0.951057,0.309017,0.866025,0.5,甲,辰,0,1,0.866025,-0.5,戊,申,0.587785,-0.809017,-0.866025,-0.5,長生,絕,死,臨官,衰,墓庫,臨官,長生,胎,病,墓庫,養,胎,沐浴,臨官,死,衰,冠帶,病,臨官,沐浴,絕,養,冠帶,絕,病,帝旺,長生,冠帶,衰,死,胎,長生,帝旺,冠帶,養
163,2024-07-03 00:00:00+08:00,17841.8,18017.8,17808.3,17978.6,3089691800,0,0,HSI,^HSI,13362713379823174839,2025-06-02 08:53:16.696166+08:00,壬子,戊辰,癸酉,丁巳,乙酉,己未,甲寅,庚辰,己卯,戊卯,甲酉,甲午,己酉,乙亥,癸卯,辛酉,庚午,丙寅,甲辰,戊申,2024,7,3,0,2,3,False,False,False,False,False,False,185,27,壬,子,-0.951057,0.309017,0,1,戊,辰,0.587785,-0.809017,0.866025,-0.5,癸,酉,-0.587785,0.809017,-1,-1.83697e-16,丁,巳,0.951057,-0.309017,0.5,-0.866025,乙,酉,0.587785,0.809017,-1,-1.83697e-16,己,未,1.22465e-16,-1,-0.5,-0.866025,甲,寅,0,1,0.866025,0.5,庚,辰,-0.587785,-0.809017,0.866025,-0.5,己,酉,1.22465e-16,-1,-1,-1.83697e-16,乙,亥,0.587785,0.809017,-0.5,0.866025,癸,卯,-0.587785,0.809017,1,6.12323e-17,辛,酉,-0.951057,-0.309017,-1,-1.83697e-16,庚,午,-0.587785,-0.809017,1.22465e-16,-1,丙,寅,0.951057,0.309017,0.866025,0.5,甲,辰,0,1,0.866025,-0.5,戊,申,0.587785,-0.809017,-0.866025,-0.5,長生,墓庫,死,臨官,衰,墓庫,臨官,養,胎,病,墓庫,養,胎,冠帶,臨官,死,衰,冠帶,病,冠帶,沐浴,絕,養,冠帶,絕,衰,帝旺,長生,冠帶,衰,死,養,長生,帝旺,冠帶,養
164,2024-07-04 00:00:00+08:00,18079.7,18133.3,17942.1,18028.3,2994630800,0,0,HSI,^HSI,4780895284005293485,2025-06-02 08:53:16.696166+08:00,甲子,己巳,甲戌,己巳,乙酉,己未,甲寅,庚辰,辛卯,己辰,己酉,甲午,己酉,乙亥,癸卯,辛酉,庚午,丙寅,甲辰,戊申,2024,7,4,0,3,3,False,False,False,False,False,False,186,27,甲,子,0,1,0,1,己,巳,1.22465e-16,-1,0.5,-0.866025,甲,戌,0,1,-0.866025,0.5,己,巳,1.22465e-16,-1,0.5,-0.866025,乙,酉,0.587785,0.809017,-1,-1.83697e-16,己,未,1.22465e-16,-1,-0.5,-0.866025,甲,寅,0,1,0.866025,0.5,庚,辰,-0.587785,-0.809017,0.866025,-0.5,己,酉,1.22465e-16,-1,-1,-1.83697e-16,乙,亥,0.587785,0.809017,-0.5,0.866025,癸,卯,-0.587785,0.809017,1,6.12323e-17,辛,酉,-0.951057,-0.309017,-1,-1.83697e-16,庚,午,-0.587785,-0.809017,1.22465e-16,-1,丙,寅,0.951057,0.309017,0.866025,0.5,甲,辰,0,1,0.866025,-0.5,戊,申,0.587785,-0.809017,-0.866025,-0.5,長生,死,死,臨官,衰,墓庫,臨官,胎,胎,病,墓庫,養,胎,臨官,臨官,死,衰,冠帶,病,沐浴,沐浴,絕,養,冠帶,絕,帝旺,帝旺,長生,冠帶,衰,死,長生,長生,帝旺,冠帶,養
165,2024-07-05 00:00:00+08:00,18035.8,18105,17799.6,17799.6,2886550200,0,0,HSI,^HSI,17267691639791806319,2025-06-02 08:53:16.696166+08:00,丙子,庚午,乙亥,辛巳,乙酉,己未,甲寅,庚辰,癸卯,庚巳,己酉,甲午,己酉,乙亥,癸卯,辛酉,庚午,丙寅,甲辰,戊申,2024,7,5,0,4,3,False,False,False,False,False,False,187,27,丙,子,0.951057,0.309017,0,1,庚,午,-0.587785,-0.809017,1.22465e-16,-1,乙,亥,0.587785,0.809017,-0.5,0.866025,辛,巳,-0.951057,-0.309017,0.5,-0.866025,乙,酉,0.587785,0.809017,-1,-1.83697e-16,己,未,1.22465e-16,-1,-0.5,-0.866025,甲,寅,0,1,0.866025,0.5,庚,辰,-0.587785,-0.809017,0.866025,-0.5,己,酉,1.22465e-16,-1,-1,-1.83697e-16,乙,亥,0.587785,0.809017,-0.5,0.866025,癸,卯,-0.587785,0.809017,1,6.12323e-17,辛,酉,-0.951057,-0.309017,-1,-1.83697e-16,庚,午,-0.587785,-0.809017,1.22465e-16,-1,丙,寅,0.951057,0.309017,0.866025,0.5,甲,辰,0,1,0.866025,-0.5,戊,申,0.587785,-0.809017,-0.866025,-0.5,長生,病,死,臨官,衰,墓庫,臨官,絕,胎,病,墓庫,養,胎,帝旺,臨官,死,衰,冠帶,病,長生,沐浴,絕,養,冠帶,絕,臨官,帝旺,長生,冠帶,衰,死,沐浴,長生,帝旺,冠帶,養
166,2024-07-08 00:00:00+08:00,17668,17735.6,17453.6,17524.1,2348970100,0,0,HSI,^HSI,1455167261762094450,2025-06-02 08:53:16.696166+08:00,壬子,癸酉,戊寅,丁巳,辛未,己未,甲寅,丙寅,己卯,癸申,辛未,甲午,己酉,乙亥,癸卯,辛酉,庚午,丙寅,甲辰,戊申,2024,7,8,0,0,3,False,False,False,False,False,False,190,28,壬,子,-0.951057,0.309017,0,1,癸,酉,-0.587785,0.809017,-1,-1.83697e-16,戊,寅,0.587785,-0.809017,0.866025,0.5,丁,巳,0.951057,-0.309017,0.5,-0.866025,辛,未,-0.951057,-0.309017,-0.5,-0.866025,己,未,1.22465e-16,-1,-0.5,-0.866025,甲,寅,0,1,0.866025,0.5,丙,寅,0.951057,0.309017,0.866025,0.5,己,酉,1.22465e-16,-1,-1,-1.83697e-16,乙,亥,0.587785,0.809017,-0.5,0.866025,癸,卯,-0.587785,0.809017,1,6.12323e-17,辛,酉,-0.951057,-0.309017,-1,-1.83697e-16,庚,午,-0.587785,-0.809017,1.22465e-16,-1,丙,寅,0.951057,0.309017,0.866025,0.5,甲,辰,0,1,0.866025,-0.5,戊,申,0.587785,-0.809017,-0.866025,-0.5,長生,臨官,死,衰,衰,胎,臨官,病,胎,墓庫,墓庫,沐浴,胎,死,臨官,衰,衰,長生,病,絕,沐浴,養,養,帝旺,絕,長生,帝旺,冠帶,冠帶,死,死,帝旺,長生,冠帶,冠帶,絕
167,2024-07-09 00:00:00+08:00,17481,17617.6,17376.5,17523.2,2618911600,0,0,HSI,^HSI,17963085784020418995,2025-06-02 08:53:16.696166+08:00,甲子,甲戌,己卯,己巳,辛未,己未,甲寅,丙寅,辛卯,甲酉,辛未,甲午,己酉,乙亥,癸卯,辛酉,庚午,丙寅,甲辰,戊申,2024,7,9,0,1,3,False,False,False,False,False,False,191,28,甲,子,0,1,0,1,甲,戌,0,1,-0.866025,0.5,己,卯,1.22465e-16,-1,1,6.12323e-17,己,巳,1.22465e-16,-1,0.5,-0.866025,辛,未,-0.951057,-0.309017,-0.5,-0.866025,己,未,1.22465e-16,-1,-0.5,-0.866025,甲,寅,0,1,0.866025,0.5,丙,寅,0.951057,0.309017,0.866025,0.5,己,酉,1.22465e-16,-1,-1,-1.83697e-16,乙,亥,0.587785,0.809017,-0.5,0.866025,癸,卯,-0.587785,0.809017,1,6.12323e-17,辛,酉,-0.951057,-0.309017,-1,-1.83697e-16,庚,午,-0.587785,-0.809017,1.22465e-16,-1,丙,寅,0.951057,0.309017,0.866025,0.5,甲,辰,0,1,0.866025,-0.5,戊,申,0.587785,-0.809017,-0.866025,-0.5,長生,冠帶,死,衰,衰,胎,臨官,衰,胎,墓庫,墓庫,沐浴,胎,墓庫,臨官,衰,衰,長生,病,墓庫,沐浴,養,養,帝旺,絕,養,帝旺,冠帶,冠帶,死,死,衰,長生,冠帶,冠帶,絕
168,2024-07-10 00:00:00+08:00,17613.5,17765.9,17455.1,17471.7,2641974200,0,0,HSI,^HSI,8792004095194350980,2025-06-02 08:53:16.696166+08:00,丙子,乙亥,庚辰,辛巳,辛未,己未,甲寅,丙寅,癸卯,乙戌,辛未,甲午,己酉,乙亥,癸卯,辛酉,庚午,丙寅,甲辰,戊申,2024,7,10,0,2,3,False,False,False,False,False,False,192,28,丙,子,0.951057,0.309017,0,1,乙,亥,0.587785,0.809017,-0.5,0.866025,庚,辰,-0.587785,-0.809017,0.866025,-0.5,辛,巳,-0.951057,-0.309017,0.5,-0.866025,辛,未,-0.951057,-0.309017,-0.5,-0.866025,己,未,1.22465e-16,-1,-0.5,-0.866025,甲,寅,0,1,0.866025,0.5,丙,寅,0.951057,0.309017,0.866025,0.5,己,酉,1.22465e-16,-1,-1,-1.83697e-16,乙,亥,0.587785,0.809017,-0.5,0.866025,癸,卯,-0.587785,0.809017,1,6.12323e-17,辛,酉,-0.951057,-0.309017,-1,-1.83697e-16,庚,午,-0.587785,-0.809017,1.22465e-16,-1,丙,寅,0.951057,0.309017,0.866025,0.5,甲,辰,0,1,0.866025,-0.5,戊,申,0.587785,-0.809017,-0.866025,-0.5,長生,沐浴,死,衰,衰,胎,臨官,帝旺,胎,墓庫,墓庫,沐浴,胎,絕,臨官,衰,衰,長生,病,死,沐浴,養,養,帝旺,絕,胎,帝旺,冠帶,冠帶,死,死,病,長生,冠帶,冠帶,絕
169,2024-07-11 00:00:00+08:00,17629.1,17864.1,17621.1,17832.3,2231597400,0,0,HSI,^HSI,6668233963341497087,2025-06-02 08:53:16.696166+08:00,戊子,丙子,辛巳,癸巳,辛未,己未,甲寅,丙寅,乙卯,丙亥,丙未,甲午,己酉,乙亥,癸卯,辛酉,庚午,丙寅,甲辰,戊申,2024,7,11,0,3,3,False,False,False,False,False,False,193,28,戊,子,0.587785,-0.809017,0,1,丙,子,0.951057,0.309017,0,1,辛,巳,-0.951057,-0.309017,0.5,-0.866025,癸,巳,-0.587785,0.809017,0.5,-0.866025,辛,未,-0.951057,-0.309017,-0.5,-0.866025,己,未,1.22465e-16,-1,-0.5,-0.866025,甲,寅,0,1,0.866025,0.5,丙,寅,0.951057,0.309017,0.866025,0.5,己,酉,1.22465e-16,-1,-1,-1.83697e-16,乙,亥,0.587785,0.809017,-0.5,0.866025,癸,卯,-0.587785,0.809017,1,6.12323e-17,辛,酉,-0.951057,-0.309017,-1,-1.83697e-16,庚,午,-0.587785,-0.809017,1.22465e-16,-1,丙,寅,0.951057,0.309017,0.866025,0.5,甲,辰,0,1,0.866025,-0.5,戊,申,0.587785,-0.809017,-0.866025,-0.5,長生,長生,死,衰,衰,胎,臨官,臨官,胎,墓庫,墓庫,沐浴,胎,胎,臨官,衰,衰,長生,病,病,沐浴,養,養,帝旺,絕,絕,帝旺,冠帶,冠帶,死,死,死,長生,冠帶,冠帶,絕
170,2024-07-12 00:00:00+08:00,18020.2,18317.3,18020.2,18293.4,3059027200,0,0,HSI,^HSI,9070502832312743586,2025-06-02 08:53:16.696166+08:00,庚子,丁丑,壬午,乙巳,辛未,己未,甲寅,丙寅,丁卯,丁子,丙未,甲午,己酉,乙亥,癸卯,辛酉,庚午,丙寅,甲辰,戊申,2024,7,12,0,4,3,False,False,False,False,False,False,194,28,庚,子,-0.587785,-0.809017,0,1,丁,丑,0.951057,-0.309017,0.5,0.866025,壬,午,-0.951057,0.309017,1.22465e-16,-1,乙,巳,0.587785,0.809017,0.5,-0.866025,辛,未,-0.951057,-0.309017,-0.5,-0.866025,己,未,1.22465e-16,-1,-0.5,-0.866025,甲,寅,0,1,0.866025,0.5,丙,寅,0.951057,0.309017,0.866025,0.5,己,酉,1.22465e-16,-1,-1,-1.83697e-16,乙,亥,0.587785,0.809017,-0.5,0.866025,癸,卯,-0.587785,0.809017,1,6.12323e-17,辛,酉,-0.951057,-0.309017,-1,-1.83697e-16,庚,午,-0.587785,-0.809017,1.22465e-16,-1,丙,寅,0.951057,0.309017,0.866025,0.5,甲,辰,0,1,0.866025,-0.5,戊,申,0.587785,-0.809017,-0.866025,-0.5,長生,養,死,衰,衰,胎,臨官,冠帶,胎,墓庫,墓庫,沐浴,胎,養,臨官,衰,衰,長生,病,衰,沐浴,養,養,帝旺,絕,墓庫,帝旺,冠帶,冠帶,死,死,墓庫,長生,冠帶,冠帶,絕
171,2024-07-15 00:00:00+08:00,18201.5,18243.4,17946.5,18015.9,2326339500,0,0,HSI,^HSI,6221903702069471358,2025-06-02 08:53:16.696166+08:00,丙子,庚辰,乙酉,辛巳,辛未,己未,甲寅,丙寅,癸卯,庚卯,丁未,甲午,己酉,乙亥,癸卯,辛酉,庚午,丙寅,甲辰,戊申,2024,7,15,0,0,3,False,False,False,False,False,False,197,29,丙,子,0.951057,0.309017,0,1,庚,辰,-0.587785,-0.809017,0.866025,-0.5,乙,酉,0.587785,0.809017,-1,-1.83697e-16,辛,巳,-0.951057,-0.309017,0.5,-0.866025,辛,未,-0.951057,-0.309017,-0.5,-0.866025,己,未,1.22465e-16,-1,-0.5,-0.866025,甲,寅,0,1,0.866025,0.5,丙,寅,0.951057,0.309017,0.866025,0.5,己,酉,1.22465e-16,-1,-1,-1.83697e-16,乙,亥,0.587785,0.809017,-0.5,0.866025,癸,卯,-0.587785,0.809017,1,6.12323e-17,辛,酉,-0.951057,-0.309017,-1,-1.83697e-16,庚,午,-0.587785,-0.809017,1.22465e-16,-1,丙,寅,0.951057,0.309017,0.866025,0.5,甲,辰,0,1,0.866025,-0.5,戊,申,0.587785,-0.809017,-0.866025,-0.5,長生,墓庫,死,衰,衰,胎,臨官,養,胎,墓庫,墓庫,沐浴,胎,冠帶,臨官,衰,衰,長生,病,冠帶,沐浴,養,養,帝旺,絕,衰,帝旺,冠帶,冠帶,死,死,養,長生,冠帶,冠帶,絕
172,2024-07-16 00:00:00+08:00,17845.1,17899.6,17728,17728,2334968300,0,0,HSI,^HSI,4259595802881017307,2025-06-02 08:53:16.696166+08:00,戊子,辛巳,丙戌,癸巳,辛未,己未,甲寅,丙寅,乙卯,辛辰,丁未,甲午,己酉,乙亥,癸卯,辛酉,庚午,丙寅,甲辰,戊申,2024,7,16,0,1,3,False,False,False,False,False,False,198,29,戊,子,0.587785,-0.809017,0,1,辛,巳,-0.951057,-0.309017,0.5,-0.866025,丙,戌,0.951057,0.309017,-0.866025,0.5,癸,巳,-0.587785,0.809017,0.5,-0.866025,辛,未,-0.951057,-0.309017,-0.5,-0.866025,己,未,1.22465e-16,-1,-0.5,-0.866025,甲,寅,0,1,0.866025,0.5,丙,寅,0.951057,0.309017,0.866025,0.5,己,酉,1.22465e-16,-1,-1,-1.83697e-16,乙,亥,0.587785,0.809017,-0.5,0.866025,癸,卯,-0.587785,0.809017,1,6.12323e-17,辛,酉,-0.951057,-0.309017,-1,-1.83697e-16,庚,午,-0.587785,-0.809017,1.22465e-16,-1,丙,寅,0.951057,0.309017,0.866025,0.5,甲,辰,0,1,0.866025,-0.5,戊,申,0.587785,-0.809017,-0.866025,-0.5,長生,死,死,衰,衰,胎,臨官,胎,胎,墓庫,墓庫,沐浴,胎,臨官,臨官,衰,衰,長生,病,沐浴,沐浴,養,養,帝旺,絕,帝旺,帝旺,冠帶,冠帶,死,死,長生,長生,冠帶,冠帶,絕
173,2024-07-17 00:00:00+08:00,17741.8,17807.7,17658.7,17739.4,2757015800,0,0,HSI,^HSI,11473901497049371593,2025-06-02 08:53:16.696166+08:00,庚子,壬午,丁亥,乙巳,辛未,己未,甲寅,丙寅,丁卯,壬巳,壬未,甲午,己酉,乙亥,癸卯,辛酉,庚午,丙寅,甲辰,戊申,2024,7,17,0,2,3,False,False,False,False,False,False,199,29,庚,子,-0.587785,-0.809017,0,1,壬,午,-0.951057,0.309017,1.22465e-16,-1,丁,亥,0.951057,-0.309017,-0.5,0.866025,乙,巳,0.587785,0.809017,0.5,-0.866025,辛,未,-0.951057,-0.309017,-0.5,-0.866025,己,未,1.22465e-16,-1,-0.5,-0.866025,甲,寅,0,1,0.866025,0.5,丙,寅,0.951057,0.309017,0.866025,0.5,己,酉,1.22465e-16,-1,-1,-1.83697e-16,乙,亥,0.587785,0.809017,-0.5,0.866025,癸,卯,-0.587785,0.809017,1,6.12323e-17,辛,酉,-0.951057,-0.309017,-1,-1.83697e-16,庚,午,-0.587785,-0.809017,1.22465e-16,-1,丙,寅,0.951057,0.309017,0.866025,0.5,甲,辰,0,1,0.866025,-0.5,戊,申,0.587785,-0.809017,-0.866025,-0.5,長生,病,死,衰,衰,胎,臨官,絕,胎,墓庫,墓庫,沐浴,胎,帝旺,臨官,衰,衰,長生,病,長生,沐浴,養,養,帝旺,絕,臨官,帝旺,冠帶,冠帶,死,死,沐浴,長生,冠帶,冠帶,絕
174,2024-07-18 00:00:00+08:00,17653.2,17864.1,17623.7,17778.4,2018291500,0,0,HSI,^HSI,10786751440390543309,2025-06-02 08:53:16.696166+08:00,壬子,癸未,戊子,丁巳,辛未,己未,甲寅,丙寅,己卯,癸午,壬未,甲午,己酉,乙亥,癸卯,辛酉,庚午,丙寅,甲辰,戊申,2024,7,18,0,3,3,False,False,False,False,False,False,200,29,壬,子,-0.951057,0.309017,0,1,癸,未,-0.587785,0.809017,-0.5,-0.866025,戊,子,0.587785,-0.809017,0,1,丁,巳,0.951057,-0.309017,0.5,-0.866025,辛,未,-0.951057,-0.309017,-0.5,-0.866025,己,未,1.22465e-16,-1,-0.5,-0.866025,甲,寅,0,1,0.866025,0.5,丙,寅,0.951057,0.309017,0.866025,0.5,己,酉,1.22465e-16,-1,-1,-1.83697e-16,乙,亥,0.587785,0.809017,-0.5,0.866025,癸,卯,-0.587785,0.809017,1,6.12323e-17,辛,酉,-0.951057,-0.309017,-1,-1.83697e-16,庚,午,-0.587785,-0.809017,1.22465e-16,-1,丙,寅,0.951057,0.309017,0.866025,0.5,甲,辰,0,1,0.866025,-0.5,戊,申,0.587785,-0.809017,-0.866025,-0.5,長生,衰,死,衰,衰,胎,臨官,墓庫,胎,墓庫,墓庫,沐浴,胎,衰,臨官,衰,衰,長生,病,養,沐浴,養,養,帝旺,絕,冠帶,帝旺,冠帶,冠帶,死,死,冠帶,長生,冠帶,冠帶,絕
175,2024-07-19 00:00:00+08:00,17603.8,17630,17376.2,17417.7,2811638800,0,0,HSI,^HSI,1741133344759346523,2025-06-02 08:53:16.696166+08:00,甲子,甲申,己丑,己巳,辛未,己未,甲寅,丙寅,辛卯,甲未,壬未,甲午,己酉,乙亥,癸卯,辛酉,庚午,丙寅,甲辰,戊申,2024,7,19,0,4,3,False,False,False,False,False,False,201,29,甲,子,0,1,0,1,甲,申,0,1,-0.866025,-0.5,己,丑,1.22465e-16,-1,0.5,0.866025,己,巳,1.22465e-16,-1,0.5,-0.866025,辛,未,-0.951057,-0.309017,-0.5,-0.866025,己,未,1.22465e-16,-1,-0.5,-0.866025,甲,寅,0,1,0.866025,0.5,丙,寅,0.951057,0.309017,0.866025,0.5,己,酉,1.22465e-16,-1,-1,-1.83697e-16,乙,亥,0.587785,0.809017,-0.5,0.866025,癸,卯,-0.587785,0.809017,1,6.12323e-17,辛,酉,-0.951057,-0.309017,-1,-1.83697e-16,庚,午,-0.587785,-0.809017,1.22465e-16,-1,丙,寅,0.951057,0.309017,0.866025,0.5,甲,辰,0,1,0.866025,-0.5,戊,申,0.587785,-0.809017,-0.866025,-0.5,長生,帝旺,死,衰,衰,胎,臨官,死,胎,墓庫,墓庫,沐浴,胎,病,臨官,衰,衰,長生,病,胎,沐浴,養,養,帝旺,絕,沐浴,帝旺,冠帶,冠帶,死,死,臨官,長生,冠帶,冠帶,絕
176,2024-07-22 00:00:00+08:00,17465.1,17693.3,17313.9,17635.9,2133630300,0,0,HSI,^HSI,10641463981524526210,2025-06-02 08:53:16.696166+08:00,庚子,丁亥,壬辰,乙巳,辛未,己未,甲寅,丙寅,丁卯,丁戌,癸未,甲午,己酉,乙亥,癸卯,辛酉,庚午,丙寅,甲辰,戊申,2024,7,22,0,0,3,False,False,False,False,False,False,204,30,庚,子,-0.587785,-0.809017,0,1,丁,亥,0.951057,-0.309017,-0.5,0.866025,壬,辰,-0.951057,0.309017,0.866025,-0.5,乙,巳,0.587785,0.809017,0.5,-0.866025,辛,未,-0.951057,-0.309017,-0.5,-0.866025,己,未,1.22465e-16,-1,-0.5,-0.866025,甲,寅,0,1,0.866025,0.5,丙,寅,0.951057,0.309017,0.866025,0.5,己,酉,1.22465e-16,-1,-1,-1.83697e-16,乙,亥,0.587785,0.809017,-0.5,0.866025,癸,卯,-0.587785,0.809017,1,6.12323e-17,辛,酉,-0.951057,-0.309017,-1,-1.83697e-16,庚,午,-0.587785,-0.809017,1.22465e-16,-1,丙,寅,0.951057,0.309017,0.866025,0.5,甲,辰,0,1,0.866025,-0.5,戊,申,0.587785,-0.809017,-0.866025,-0.5,長生,沐浴,死,衰,衰,胎,臨官,帝旺,胎,墓庫,墓庫,沐浴,胎,絕,臨官,衰,衰,長生,病,死,沐浴,養,養,帝旺,絕,胎,帝旺,冠帶,冠帶,死,死,病,長生,冠帶,冠帶,絕
177,2024-07-23 00:00:00+08:00,17679.6,17707.7,17451.9,17469.4,2216456000,0,0,HSI,^HSI,6774112717430674974,2025-06-02 08:53:16.696166+08:00,壬子,戊子,癸巳,丁巳,丙戌,己未,甲寅,辛巳,己卯,戊亥,戊戌,甲午,己酉,乙亥,癸卯,辛酉,庚午,丙寅,甲辰,戊申,2024,7,23,0,1,3,False,False,False,False,False,False,205,30,壬,子,-0.951057,0.309017,0,1,戊,子,0.587785,-0.809017,0,1,癸,巳,-0.587785,0.809017,0.5,-0.866025,丁,巳,0.951057,-0.309017,0.5,-0.866025,丙,戌,0.951057,0.309017,-0.866025,0.5,己,未,1.22465e-16,-1,-0.5,-0.866025,甲,寅,0,1,0.866025,0.5,辛,巳,-0.951057,-0.309017,0.5,-0.866025,己,酉,1.22465e-16,-1,-1,-1.83697e-16,乙,亥,0.587785,0.809017,-0.5,0.866025,癸,卯,-0.587785,0.809017,1,6.12323e-17,辛,酉,-0.951057,-0.309017,-1,-1.83697e-16,庚,午,-0.587785,-0.809017,1.22465e-16,-1,丙,寅,0.951057,0.309017,0.866025,0.5,甲,辰,0,1,0.866025,-0.5,戊,申,0.587785,-0.809017,-0.866025,-0.5,長生,長生,死,冠帶,衰,死,臨官,臨官,胎,衰,墓庫,胎,胎,胎,臨官,墓庫,衰,臨官,病,病,沐浴,墓庫,養,沐浴,絕,絕,帝旺,養,冠帶,帝旺,死,死,長生,衰,冠帶,長生
178,2024-07-24 00:00:00+08:00,17454.4,17516.9,17251.3,17311.1,2208182400,0,0,HSI,^HSI,8378234016261975371,2025-06-02 08:53:16.696166+08:00,甲子,己丑,甲午,己巳,丙戌,己未,甲寅,辛巳,辛卯,己子,戊戌,甲午,己酉,乙亥,癸卯,辛酉,庚午,丙寅,甲辰,戊申,2024,7,24,0,2,3,False,False,False,False,False,False,206,30,甲,子,0,1,0,1,己,丑,1.22465e-16,-1,0.5,0.866025,甲,午,0,1,1.22465e-16,-1,己,巳,1.22465e-16,-1,0.5,-0.866025,丙,戌,0.951057,0.309017,-0.866025,0.5,己,未,1.22465e-16,-1,-0.5,-0.866025,甲,寅,0,1,0.866025,0.5,辛,巳,-0.951057,-0.309017,0.5,-0.866025,己,酉,1.22465e-16,-1,-1,-1.83697e-16,乙,亥,0.587785,0.809017,-0.5,0.866025,癸,卯,-0.587785,0.809017,1,6.12323e-17,辛,酉,-0.951057,-0.309017,-1,-1.83697e-16,庚,午,-0.587785,-0.809017,1.22465e-16,-1,丙,寅,0.951057,0.309017,0.866025,0.5,甲,辰,0,1,0.866025,-0.5,戊,申,0.587785,-0.809017,-0.866025,-0.5,長生,養,死,冠帶,衰,死,臨官,冠帶,胎,衰,墓庫,胎,胎,養,臨官,墓庫,衰,臨官,病,衰,沐浴,墓庫,養,沐浴,絕,墓庫,帝旺,養,冠帶,帝旺,死,墓庫,長生,衰,冠帶,長生
179,2024-07-25 00:00:00+08:00,17260.8,17288.5,16964.5,17021.9,2401390700,0,0,HSI,^HSI,3402524300930091467,2025-06-02 08:53:16.696166+08:00,丙子,庚寅,乙未,辛巳,丙戌,己未,甲寅,辛巳,癸卯,庚丑,戊戌,甲午,己酉,乙亥,癸卯,辛酉,庚午,丙寅,甲辰,戊申,2024,7,25,0,3,3,False,False,False,False,False,False,207,30,丙,子,0.951057,0.309017,0,1,庚,寅,-0.587785,-0.809017,0.866025,0.5,乙,未,0.587785,0.809017,-0.5,-0.866025,辛,巳,-0.951057,-0.309017,0.5,-0.866025,丙,戌,0.951057,0.309017,-0.866025,0.5,己,未,1.22465e-16,-1,-0.5,-0.866025,甲,寅,0,1,0.866025,0.5,辛,巳,-0.951057,-0.309017,0.5,-0.866025,己,酉,1.22465e-16,-1,-1,-1.83697e-16,乙,亥,0.587785,0.809017,-0.5,0.866025,癸,卯,-0.587785,0.809017,1,6.12323e-17,辛,酉,-0.951057,-0.309017,-1,-1.83697e-16,庚,午,-0.587785,-0.809017,1.22465e-16,-1,丙,寅,0.951057,0.309017,0.866025,0.5,甲,辰,0,1,0.866025,-0.5,戊,申,0.587785,-0.809017,-0.866025,-0.5,長生,胎,死,冠帶,衰,死,臨官,沐浴,胎,衰,墓庫,胎,胎,長生,臨官,墓庫,衰,臨官,病,帝旺,沐浴,墓庫,養,沐浴,絕,死,帝旺,養,冠帶,帝旺,死,絕,長生,衰,冠帶,長生
180,2024-07-26 00:00:00+08:00,17079.7,17229.2,16924.6,17021.3,2374210700,0,0,HSI,^HSI,2529820040224548587,2025-06-02 08:53:16.696166+08:00,戊子,辛卯,丙申,癸巳,丙戌,己未,甲寅,辛巳,乙卯,辛寅,己戌,甲午,己酉,乙亥,癸卯,辛酉,庚午,丙寅,甲辰,戊申,2024,7,26,0,4,3,False,False,False,False,False,False,208,30,戊,子,0.587785,-0.809017,0,1,辛,卯,-0.951057,-0.309017,1,6.12323e-17,丙,申,0.951057,0.309017,-0.866025,-0.5,癸,巳,-0.587785,0.809017,0.5,-0.866025,丙,戌,0.951057,0.309017,-0.866025,0.5,己,未,1.22465e-16,-1,-0.5,-0.866025,甲,寅,0,1,0.866025,0.5,辛,巳,-0.951057,-0.309017,0.5,-0.866025,己,酉,1.22465e-16,-1,-1,-1.83697e-16,乙,亥,0.587785,0.809017,-0.5,0.866025,癸,卯,-0.587785,0.809017,1,6.12323e-17,辛,酉,-0.951057,-0.309017,-1,-1.83697e-16,庚,午,-0.587785,-0.809017,1.22465e-16,-1,丙,寅,0.951057,0.309017,0.866025,0.5,甲,辰,0,1,0.866025,-0.5,戊,申,0.587785,-0.809017,-0.866025,-0.5,長生,絕,死,冠帶,衰,死,臨官,長生,胎,衰,墓庫,胎,胎,沐浴,臨官,墓庫,衰,臨官,病,臨官,沐浴,墓庫,養,沐浴,絕,病,帝旺,養,冠帶,帝旺,死,胎,長生,衰,冠帶,長生
181,2024-07-29 00:00:00+08:00,17196.4,17358.7,17154.1,17238.3,2258413800,0,0,HSI,^HSI,5938656810868853225,2025-06-02 08:53:16.696166+08:00,甲子,甲午,己亥,己巳,丙戌,己未,甲寅,辛巳,辛卯,甲巳,甲戌,甲午,己酉,乙亥,癸卯,辛酉,庚午,丙寅,甲辰,戊申,2024,7,29,0,0,3,False,False,False,False,False,False,211,31,甲,子,0,1,0,1,甲,午,0,1,1.22465e-16,-1,己,亥,1.22465e-16,-1,-0.5,0.866025,己,巳,1.22465e-16,-1,0.5,-0.866025,丙,戌,0.951057,0.309017,-0.866025,0.5,己,未,1.22465e-16,-1,-0.5,-0.866025,甲,寅,0,1,0.866025,0.5,辛,巳,-0.951057,-0.309017,0.5,-0.866025,己,酉,1.22465e-16,-1,-1,-1.83697e-16,乙,亥,0.587785,0.809017,-0.5,0.866025,癸,卯,-0.587785,0.809017,1,6.12323e-17,辛,酉,-0.951057,-0.309017,-1,-1.83697e-16,庚,午,-0.587785,-0.809017,1.22465e-16,-1,丙,寅,0.951057,0.309017,0.866025,0.5,甲,辰,0,1,0.866025,-0.5,戊,申,0.587785,-0.809017,-0.866025,-0.5,長生,病,死,冠帶,衰,死,臨官,絕,胎,衰,墓庫,胎,胎,帝旺,臨官,墓庫,衰,臨官,病,長生,沐浴,墓庫,養,沐浴,絕,臨官,帝旺,養,冠帶,帝旺,死,沐浴,長生,衰,冠帶,長生
182,2024-07-30 00:00:00+08:00,17194.4,17194.4,16971.6,17002.9,2552688900,0,0,HSI,^HSI,5928105488605451297,2025-06-02 08:53:16.696166+08:00,丙子,乙未,庚子,辛巳,丙戌,己未,甲寅,辛巳,癸卯,乙午,甲戌,甲午,己酉,乙亥,癸卯,辛酉,庚午,丙寅,甲辰,戊申,2024,7,30,0,1,3,False,False,False,False,False,False,212,31,丙,子,0.951057,0.309017,0,1,乙,未,0.587785,0.809017,-0.5,-0.866025,庚,子,-0.587785,-0.809017,0,1,辛,巳,-0.951057,-0.309017,0.5,-0.866025,丙,戌,0.951057,0.309017,-0.866025,0.5,己,未,1.22465e-16,-1,-0.5,-0.866025,甲,寅,0,1,0.866025,0.5,辛,巳,-0.951057,-0.309017,0.5,-0.866025,己,酉,1.22465e-16,-1,-1,-1.83697e-16,乙,亥,0.587785,0.809017,-0.5,0.866025,癸,卯,-0.587785,0.809017,1,6.12323e-17,辛,酉,-0.951057,-0.309017,-1,-1.83697e-16,庚,午,-0.587785,-0.809017,1.22465e-16,-1,丙,寅,0.951057,0.309017,0.866025,0.5,甲,辰,0,1,0.866025,-0.5,戊,申,0.587785,-0.809017,-0.866025,-0.5,長生,衰,死,冠帶,衰,死,臨官,墓庫,胎,衰,墓庫,胎,胎,衰,臨官,墓庫,衰,臨官,病,養,沐浴,墓庫,養,沐浴,絕,冠帶,帝旺,養,冠帶,帝旺,死,冠帶,長生,衰,冠帶,長生
183,2024-07-31 00:00:00+08:00,17070.9,17400.2,17015.8,17344.6,2678950500,0,0,HSI,^HSI,8781838077134775257,2025-06-02 08:53:16.696166+08:00,戊子,丙申,辛丑,癸巳,丙戌,己未,甲寅,辛巳,乙卯,丙未,甲戌,甲午,己酉,乙亥,癸卯,辛酉,庚午,丙寅,甲辰,戊申,2024,7,31,0,2,3,False,True,False,False,False,False,213,31,戊,子,0.587785,-0.809017,0,1,丙,申,0.951057,0.309017,-0.866025,-0.5,辛,丑,-0.951057,-0.309017,0.5,0.866025,癸,巳,-0.587785,0.809017,0.5,-0.866025,丙,戌,0.951057,0.309017,-0.866025,0.5,己,未,1.22465e-16,-1,-0.5,-0.866025,甲,寅,0,1,0.866025,0.5,辛,巳,-0.951057,-0.309017,0.5,-0.866025,己,酉,1.22465e-16,-1,-1,-1.83697e-16,乙,亥,0.587785,0.809017,-0.5,0.866025,癸,卯,-0.587785,0.809017,1,6.12323e-17,辛,酉,-0.951057,-0.309017,-1,-1.83697e-16,庚,午,-0.587785,-0.809017,1.22465e-16,-1,丙,寅,0.951057,0.309017,0.866025,0.5,甲,辰,0,1,0.866025,-0.5,戊,申,0.587785,-0.809017,-0.866025,-0.5,長生,帝旺,死,冠帶,衰,死,臨官,死,胎,衰,墓庫,胎,胎,病,臨官,墓庫,衰,臨官,病,胎,沐浴,墓庫,養,沐浴,絕,沐浴,帝旺,養,冠帶,帝旺,死,臨官,長生,衰,冠帶,長生
184,2024-08-01 00:00:00+08:00,17327.8,17408.9,17248.1,17305,1933874700,0,0,HSI,^HSI,3793875288835435107,2025-06-02 08:53:16.696166+08:00,庚子,丁酉,壬寅,乙巳,丙戌,己未,甲寅,辛巳,丁卯,丁申,甲戌,甲午,己酉,乙亥,癸卯,辛酉,庚午,丙寅,甲辰,戊申,2024,8,1,0,3,3,True,False,False,False,False,False,214,31,庚,子,-0.587785,-0.809017,0,1,丁,酉,0.951057,-0.309017,-1,-1.83697e-16,壬,寅,-0.951057,0.309017,0.866025,0.5,乙,巳,0.587785,0.809017,0.5,-0.866025,丙,戌,0.951057,0.309017,-0.866025,0.5,己,未,1.22465e-16,-1,-0.5,-0.866025,甲,寅,0,1,0.866025,0.5,辛,巳,-0.951057,-0.309017,0.5,-0.866025,己,酉,1.22465e-16,-1,-1,-1.83697e-16,乙,亥,0.587785,0.809017,-0.5,0.866025,癸,卯,-0.587785,0.809017,1,6.12323e-17,辛,酉,-0.951057,-0.309017,-1,-1.83697e-16,庚,午,-0.587785,-0.809017,1.22465e-16,-1,丙,寅,0.951057,0.309017,0.866025,0.5,甲,辰,0,1,0.866025,-0.5,戊,申,0.587785,-0.809017,-0.866025,-0.5,長生,臨官,死,冠帶,衰,死,臨官,病,胎,衰,墓庫,胎,胎,死,臨官,墓庫,衰,臨官,病,絕,沐浴,墓庫,養,沐浴,絕,長生,帝旺,養,冠帶,帝旺,死,帝旺,長生,衰,冠帶,長生
185,2024-08-02 00:00:00+08:00,17025.3,17075.5,16865.9,16945.5,2433818600,0,0,HSI,^HSI,13481394550590528958,2025-06-02 08:53:16.696166+08:00,壬子,戊戌,癸卯,丁巳,丙戌,己未,甲寅,辛巳,己卯,戊酉,乙戌,甲午,己酉,乙亥,癸卯,辛酉,庚午,丙寅,甲辰,戊申,2024,8,2,0,4,3,False,False,False,False,False,False,215,31,壬,子,-0.951057,0.309017,0,1,戊,戌,0.587785,-0.809017,-0.866025,0.5,癸,卯,-0.587785,0.809017,1,6.12323e-17,丁,巳,0.951057,-0.309017,0.5,-0.866025,丙,戌,0.951057,0.309017,-0.866025,0.5,己,未,1.22465e-16,-1,-0.5,-0.866025,甲,寅,0,1,0.866025,0.5,辛,巳,-0.951057,-0.309017,0.5,-0.866025,己,酉,1.22465e-16,-1,-1,-1.83697e-16,乙,亥,0.587785,0.809017,-0.5,0.866025,癸,卯,-0.587785,0.809017,1,6.12323e-17,辛,酉,-0.951057,-0.309017,-1,-1.83697e-16,庚,午,-0.587785,-0.809017,1.22465e-16,-1,丙,寅,0.951057,0.309017,0.866025,0.5,甲,辰,0,1,0.866025,-0.5,戊,申,0.587785,-0.809017,-0.866025,-0.5,長生,冠帶,死,冠帶,衰,死,臨官,衰,胎,衰,墓庫,胎,胎,墓庫,臨官,墓庫,衰,臨官,病,墓庫,沐浴,墓庫,養,沐浴,絕,養,帝旺,養,冠帶,帝旺,死,衰,長生,衰,冠帶,長生
186,2024-08-05 00:00:00+08:00,16676.8,16944.6,16441.4,16698.4,3667470600,0,0,HSI,^HSI,17595070686190793572,2025-06-02 08:53:16.696166+08:00,戊子,辛丑,丙午,癸巳,丙戌,己未,甲寅,辛巳,乙卯,辛子,庚戌,己未,己酉,乙亥,癸卯,辛酉,庚午,丙寅,甲辰,戊申,2024,8,5,0,0,3,False,False,False,False,False,False,218,32,戊,子,0.587785,-0.809017,0,1,辛,丑,-0.951057,-0.309017,0.5,0.866025,丙,午,0.951057,0.309017,1.22465e-16,-1,癸,巳,-0.587785,0.809017,0.5,-0.866025,丙,戌,0.951057,0.309017,-0.866025,0.5,己,未,1.22465e-16,-1,-0.5,-0.866025,甲,寅,0,1,0.866025,0.5,辛,巳,-0.951057,-0.309017,0.5,-0.866025,己,酉,1.22465e-16,-1,-1,-1.83697e-16,乙,亥,0.587785,0.809017,-0.5,0.866025,癸,卯,-0.587785,0.809017,1,6.12323e-17,辛,酉,-0.951057,-0.309017,-1,-1.83697e-16,庚,午,-0.587785,-0.809017,1.22465e-16,-1,丙,寅,0.951057,0.309017,0.866025,0.5,甲,辰,0,1,0.866025,-0.5,戊,申,0.587785,-0.809017,-0.866025,-0.5,長生,養,死,冠帶,衰,死,臨官,冠帶,胎,衰,墓庫,胎,胎,養,臨官,墓庫,衰,臨官,病,衰,沐浴,墓庫,養,沐浴,絕,墓庫,帝旺,養,冠帶,帝旺,死,墓庫,長生,衰,冠帶,長生
187,2024-08-06 00:00:00+08:00,16861.3,16909,16611.1,16647.3,2425958000,0,0,HSI,^HSI,4426883533107433872,2025-06-02 08:53:16.696166+08:00,庚子,壬寅,丁未,乙巳,丙戌,己未,甲寅,辛巳,丁卯,壬丑,庚戌,己未,己酉,乙亥,癸卯,辛酉,庚午,丙寅,甲辰,戊申,2024,8,6,0,1,3,False,False,False,False,False,False,219,32,庚,子,-0.587785,-0.809017,0,1,壬,寅,-0.951057,0.309017,0.866025,0.5,丁,未,0.951057,-0.309017,-0.5,-0.866025,乙,巳,0.587785,0.809017,0.5,-0.866025,丙,戌,0.951057,0.309017,-0.866025,0.5,己,未,1.22465e-16,-1,-0.5,-0.866025,甲,寅,0,1,0.866025,0.5,辛,巳,-0.951057,-0.309017,0.5,-0.866025,己,酉,1.22465e-16,-1,-1,-1.83697e-16,乙,亥,0.587785,0.809017,-0.5,0.866025,癸,卯,-0.587785,0.809017,1,6.12323e-17,辛,酉,-0.951057,-0.309017,-1,-1.83697e-16,庚,午,-0.587785,-0.809017,1.22465e-16,-1,丙,寅,0.951057,0.309017,0.866025,0.5,甲,辰,0,1,0.866025,-0.5,戊,申,0.587785,-0.809017,-0.866025,-0.5,長生,胎,死,冠帶,衰,死,臨官,沐浴,胎,衰,墓庫,胎,胎,長生,臨官,墓庫,衰,臨官,病,帝旺,沐浴,墓庫,養,沐浴,絕,死,帝旺,養,冠帶,帝旺,死,絕,長生,衰,冠帶,長生
188,2024-08-07 00:00:00+08:00,16684.8,16988.3,16684.8,16877.9,2267420200,0,0,HSI,^HSI,13429298119351177493,2025-06-02 08:53:16.696166+08:00,壬子,癸卯,戊申,丁巳,丙戌,己未,甲寅,辛巳,己卯,癸寅,庚戌,己未,己酉,乙亥,癸卯,辛酉,庚午,丙寅,甲辰,戊申,2024,8,7,0,2,3,False,False,False,False,False,False,220,32,壬,子,-0.951057,0.309017,0,1,癸,卯,-0.587785,0.809017,1,6.12323e-17,戊,申,0.587785,-0.809017,-0.866025,-0.5,丁,巳,0.951057,-0.309017,0.5,-0.866025,丙,戌,0.951057,0.309017,-0.866025,0.5,己,未,1.22465e-16,-1,-0.5,-0.866025,甲,寅,0,1,0.866025,0.5,辛,巳,-0.951057,-0.309017,0.5,-0.866025,己,酉,1.22465e-16,-1,-1,-1.83697e-16,乙,亥,0.587785,0.809017,-0.5,0.866025,癸,卯,-0.587785,0.809017,1,6.12323e-17,辛,酉,-0.951057,-0.309017,-1,-1.83697e-16,庚,午,-0.587785,-0.809017,1.22465e-16,-1,丙,寅,0.951057,0.309017,0.866025,0.5,甲,辰,0,1,0.866025,-0.5,戊,申,0.587785,-0.809017,-0.866025,-0.5,長生,絕,死,冠帶,衰,死,臨官,長生,胎,衰,墓庫,胎,胎,沐浴,臨官,墓庫,衰,臨官,病,臨官,沐浴,墓庫,養,沐浴,絕,病,帝旺,養,冠帶,帝旺,死,胎,長生,衰,冠帶,長生
189,2024-08-08 00:00:00+08:00,16773,17023.1,16665.1,16891.8,2114356200,0,0,HSI,^HSI,7205778780446174969,2025-06-02 08:53:16.696166+08:00,甲子,甲辰,己酉,己巳,壬申,己未,甲寅,丁卯,辛卯,甲卯,壬申,己未,己酉,乙亥,癸卯,辛酉,庚午,丙寅,甲辰,戊申,2024,8,8,0,3,3,False,False,False,False,False,False,221,32,甲,子,0,1,0,1,甲,辰,0,1,0.866025,-0.5,己,酉,1.22465e-16,-1,-1,-1.83697e-16,己,巳,1.22465e-16,-1,0.5,-0.866025,壬,申,-0.951057,0.309017,-0.866025,-0.5,己,未,1.22465e-16,-1,-0.5,-0.866025,甲,寅,0,1,0.866025,0.5,丁,卯,0.951057,-0.309017,1,6.12323e-17,己,酉,1.22465e-16,-1,-1,-1.83697e-16,乙,亥,0.587785,0.809017,-0.5,0.866025,癸,卯,-0.587785,0.809017,1,6.12323e-17,辛,酉,-0.951057,-0.309017,-1,-1.83697e-16,庚,午,-0.587785,-0.809017,1.22465e-16,-1,丙,寅,0.951057,0.309017,0.866025,0.5,甲,辰,0,1,0.866025,-0.5,戊,申,0.587785,-0.809017,-0.866025,-0.5,長生,墓庫,死,帝旺,衰,絕,臨官,養,胎,死,墓庫,長生,胎,冠帶,臨官,病,衰,沐浴,病,冠帶,沐浴,胎,養,臨官,絕,衰,帝旺,沐浴,冠帶,病,死,養,長生,臨官,冠帶,胎
190,2024-08-09 00:00:00+08:00,17097.4,17252.2,17079.3,17090.2,2145406500,0,0,HSI,^HSI,9440546568679822463,2025-06-02 08:53:16.696166+08:00,丙子,乙巳,庚戌,辛巳,壬申,己未,甲寅,丁卯,癸卯,乙辰,壬申,己未,己酉,乙亥,癸卯,辛酉,庚午,丙寅,甲辰,戊申,2024,8,9,0,4,3,False,False,False,False,False,False,222,32,丙,子,0.951057,0.309017,0,1,乙,巳,0.587785,0.809017,0.5,-0.866025,庚,戌,-0.587785,-0.809017,-0.866025,0.5,辛,巳,-0.951057,-0.309017,0.5,-0.866025,壬,申,-0.951057,0.309017,-0.866025,-0.5,己,未,1.22465e-16,-1,-0.5,-0.866025,甲,寅,0,1,0.866025,0.5,丁,卯,0.951057,-0.309017,1,6.12323e-17,己,酉,1.22465e-16,-1,-1,-1.83697e-16,乙,亥,0.587785,0.809017,-0.5,0.866025,癸,卯,-0.587785,0.809017,1,6.12323e-17,辛,酉,-0.951057,-0.309017,-1,-1.83697e-16,庚,午,-0.587785,-0.809017,1.22465e-16,-1,丙,寅,0.951057,0.309017,0.866025,0.5,甲,辰,0,1,0.866025,-0.5,戊,申,0.587785,-0.809017,-0.866025,-0.5,長生,死,死,帝旺,衰,絕,臨官,胎,胎,死,墓庫,長生,胎,臨官,臨官,病,衰,沐浴,病,沐浴,沐浴,胎,養,臨官,絕,帝旺,帝旺,沐浴,冠帶,病,死,長生,長生,臨官,冠帶,胎
191,2024-08-12 00:00:00+08:00,17103,17162.8,17002.9,17111.7,1793074600,0,0,HSI,^HSI,6874119801345450552,2025-06-02 08:53:16.696166+08:00,壬子,戊申,癸丑,丁巳,壬申,己未,甲寅,丁卯,己卯,戊未,丁申,己未,己酉,乙亥,癸卯,辛酉,庚午,丙寅,甲辰,戊申,2024,8,12,0,0,3,False,False,False,False,False,False,225,33,壬,子,-0.951057,0.309017,0,1,戊,申,0.587785,-0.809017,-0.866025,-0.5,癸,丑,-0.587785,0.809017,0.5,0.866025,丁,巳,0.951057,-0.309017,0.5,-0.866025,壬,申,-0.951057,0.309017,-0.866025,-0.5,己,未,1.22465e-16,-1,-0.5,-0.866025,甲,寅,0,1,0.866025,0.5,丁,卯,0.951057,-0.309017,1,6.12323e-17,己,酉,1.22465e-16,-1,-1,-1.83697e-16,乙,亥,0.587785,0.809017,-0.5,0.866025,癸,卯,-0.587785,0.809017,1,6.12323e-17,辛,酉,-0.951057,-0.309017,-1,-1.83697e-16,庚,午,-0.587785,-0.809017,1.22465e-16,-1,丙,寅,0.951057,0.309017,0.866025,0.5,甲,辰,0,1,0.866025,-0.5,戊,申,0.587785,-0.809017,-0.866025,-0.5,長生,帝旺,死,帝旺,衰,絕,臨官,死,胎,死,墓庫,長生,胎,病,臨官,病,衰,沐浴,病,胎,沐浴,胎,養,臨官,絕,沐浴,帝旺,沐浴,冠帶,病,死,臨官,長生,臨官,冠帶,胎
192,2024-08-13 00:00:00+08:00,17160.2,17252.9,17074.7,17174.1,1934995900,0,0,HSI,^HSI,3484514756123807986,2025-06-02 08:53:16.696166+08:00,甲子,己酉,甲寅,己巳,壬申,己未,甲寅,丁卯,辛卯,己申,丁申,己未,己酉,乙亥,癸卯,辛酉,庚午,丙寅,甲辰,戊申,2024,8,13,0,1,3,False,False,False,False,False,False,226,33,甲,子,0,1,0,1,己,酉,1.22465e-16,-1,-1,-1.83697e-16,甲,寅,0,1,0.866025,0.5,己,巳,1.22465e-16,-1,0.5,-0.866025,壬,申,-0.951057,0.309017,-0.866025,-0.5,己,未,1.22465e-16,-1,-0.5,-0.866025,甲,寅,0,1,0.866025,0.5,丁,卯,0.951057,-0.309017,1,6.12323e-17,己,酉,1.22465e-16,-1,-1,-1.83697e-16,乙,亥,0.587785,0.809017,-0.5,0.866025,癸,卯,-0.587785,0.809017,1,6.12323e-17,辛,酉,-0.951057,-0.309017,-1,-1.83697e-16,庚,午,-0.587785,-0.809017,1.22465e-16,-1,丙,寅,0.951057,0.309017,0.866025,0.5,甲,辰,0,1,0.866025,-0.5,戊,申,0.587785,-0.809017,-0.866025,-0.5,長生,臨官,死,帝旺,衰,絕,臨官,病,胎,死,墓庫,長生,胎,死,臨官,病,衰,沐浴,病,絕,沐浴,胎,養,臨官,絕,長生,帝旺,沐浴,冠帶,病,死,帝旺,長生,臨官,冠帶,胎
193,2024-08-14 00:00:00+08:00,17233.7,17254.2,17055.7,17113.4,1574534000,0,0,HSI,^HSI,13518287812946163444,2025-06-02 08:53:16.696166+08:00,丙子,庚戌,乙卯,辛巳,壬申,己未,甲寅,丁卯,癸卯,庚酉,戊申,己未,己酉,乙亥,癸卯,辛酉,庚午,丙寅,甲辰,戊申,2024,8,14,0,2,3,False,False,False,False,False,False,227,33,丙,子,0.951057,0.309017,0,1,庚,戌,-0.587785,-0.809017,-0.866025,0.5,乙,卯,0.587785,0.809017,1,6.12323e-17,辛,巳,-0.951057,-0.309017,0.5,-0.866025,壬,申,-0.951057,0.309017,-0.866025,-0.5,己,未,1.22465e-16,-1,-0.5,-0.866025,甲,寅,0,1,0.866025,0.5,丁,卯,0.951057,-0.309017,1,6.12323e-17,己,酉,1.22465e-16,-1,-1,-1.83697e-16,乙,亥,0.587785,0.809017,-0.5,0.866025,癸,卯,-0.587785,0.809017,1,6.12323e-17,辛,酉,-0.951057,-0.309017,-1,-1.83697e-16,庚,午,-0.587785,-0.809017,1.22465e-16,-1,丙,寅,0.951057,0.309017,0.866025,0.5,甲,辰,0,1,0.866025,-0.5,戊,申,0.587785,-0.809017,-0.866025,-0.5,長生,冠帶,死,帝旺,衰,絕,臨官,衰,胎,死,墓庫,長生,胎,墓庫,臨官,病,衰,沐浴,病,墓庫,沐浴,胎,養,臨官,絕,養,帝旺,沐浴,冠帶,病,死,衰,長生,臨官,冠帶,胎
194,2024-08-15 00:00:00+08:00,17008.2,17283.7,16926.5,17109.1,2407027500,0,0,HSI,^HSI,12900494887593649116,2025-06-02 08:53:16.696166+08:00,戊子,辛亥,丙辰,癸巳,壬申,己未,甲寅,丁卯,乙卯,辛戌,戊申,己未,己酉,乙亥,癸卯,辛酉,庚午,丙寅,甲辰,戊申,2024,8,15,0,3,3,False,False,False,False,False,False,228,33,戊,子,0.587785,-0.809017,0,1,辛,亥,-0.951057,-0.309017,-0.5,0.866025,丙,辰,0.951057,0.309017,0.866025,-0.5,癸,巳,-0.587785,0.809017,0.5,-0.866025,壬,申,-0.951057,0.309017,-0.866025,-0.5,己,未,1.22465e-16,-1,-0.5,-0.866025,甲,寅,0,1,0.866025,0.5,丁,卯,0.951057,-0.309017,1,6.12323e-17,己,酉,1.22465e-16,-1,-1,-1.83697e-16,乙,亥,0.587785,0.809017,-0.5,0.866025,癸,卯,-0.587785,0.809017,1,6.12323e-17,辛,酉,-0.951057,-0.309017,-1,-1.83697e-16,庚,午,-0.587785,-0.809017,1.22465e-16,-1,丙,寅,0.951057,0.309017,0.866025,0.5,甲,辰,0,1,0.866025,-0.5,戊,申,0.587785,-0.809017,-0.866025,-0.5,長生,沐浴,死,帝旺,衰,絕,臨官,帝旺,胎,死,墓庫,長生,胎,絕,臨官,病,衰,沐浴,病,死,沐浴,胎,養,臨官,絕,胎,帝旺,沐浴,冠帶,病,死,病,長生,臨官,冠帶,胎
195,2024-08-16 00:00:00+08:00,17286,17473.9,17255.9,17430.2,2551716800,0,0,HSI,^HSI,2693207297722214421,2025-06-02 08:53:16.696166+08:00,庚子,壬子,丁巳,乙巳,壬申,己未,甲寅,丁卯,丁卯,壬亥,戊申,己未,己酉,乙亥,癸卯,辛酉,庚午,丙寅,甲辰,戊申,2024,8,16,0,4,3,False,False,False,False,False,False,229,33,庚,子,-0.587785,-0.809017,0,1,壬,子,-0.951057,0.309017,0,1,丁,巳,0.951057,-0.309017,0.5,-0.866025,乙,巳,0.587785,0.809017,0.5,-0.866025,壬,申,-0.951057,0.309017,-0.866025,-0.5,己,未,1.22465e-16,-1,-0.5,-0.866025,甲,寅,0,1,0.866025,0.5,丁,卯,0.951057,-0.309017,1,6.12323e-17,己,酉,1.22465e-16,-1,-1,-1.83697e-16,乙,亥,0.587785,0.809017,-0.5,0.866025,癸,卯,-0.587785,0.809017,1,6.12323e-17,辛,酉,-0.951057,-0.309017,-1,-1.83697e-16,庚,午,-0.587785,-0.809017,1.22465e-16,-1,丙,寅,0.951057,0.309017,0.866025,0.5,甲,辰,0,1,0.866025,-0.5,戊,申,0.587785,-0.809017,-0.866025,-0.5,長生,長生,死,帝旺,衰,絕,臨官,臨官,胎,死,墓庫,長生,胎,胎,臨官,病,衰,沐浴,病,病,沐浴,胎,養,臨官,絕,絕,帝旺,沐浴,冠帶,病,死,死,長生,臨官,冠帶,胎
196,2024-08-19 00:00:00+08:00,17569.7,17685.9,17547.7,17569.6,2361570600,0,0,HSI,^HSI,4109130623915844465,2025-06-02 08:53:16.696166+08:00,丙子,乙卯,庚申,辛巳,壬申,己未,甲寅,丁卯,癸卯,乙寅,癸申,己未,己酉,乙亥,癸卯,辛酉,庚午,丙寅,甲辰,戊申,2024,8,19,0,0,3,False,False,False,False,False,False,232,34,丙,子,0.951057,0.309017,0,1,乙,卯,0.587785,0.809017,1,6.12323e-17,庚,申,-0.587785,-0.809017,-0.866025,-0.5,辛,巳,-0.951057,-0.309017,0.5,-0.866025,壬,申,-0.951057,0.309017,-0.866025,-0.5,己,未,1.22465e-16,-1,-0.5,-0.866025,甲,寅,0,1,0.866025,0.5,丁,卯,0.951057,-0.309017,1,6.12323e-17,己,酉,1.22465e-16,-1,-1,-1.83697e-16,乙,亥,0.587785,0.809017,-0.5,0.866025,癸,卯,-0.587785,0.809017,1,6.12323e-17,辛,酉,-0.951057,-0.309017,-1,-1.83697e-16,庚,午,-0.587785,-0.809017,1.22465e-16,-1,丙,寅,0.951057,0.309017,0.866025,0.5,甲,辰,0,1,0.866025,-0.5,戊,申,0.587785,-0.809017,-0.866025,-0.5,長生,絕,死,帝旺,衰,絕,臨官,長生,胎,死,墓庫,長生,胎,沐浴,臨官,病,衰,沐浴,病,臨官,沐浴,胎,養,臨官,絕,病,帝旺,沐浴,冠帶,病,死,胎,長生,臨官,冠帶,胎
197,2024-08-20 00:00:00+08:00,17661.7,17661.7,17450,17511.1,1961800000,0,0,HSI,^HSI,8682971744708956523,2025-06-02 08:53:16.696166+08:00,戊子,丙辰,辛酉,癸巳,壬申,己未,甲寅,丁卯,乙卯,丙卯,甲申,己未,己酉,乙亥,癸卯,辛酉,庚午,丙寅,甲辰,戊申,2024,8,20,0,1,3,False,False,False,False,False,False,233,34,戊,子,0.587785,-0.809017,0,1,丙,辰,0.951057,0.309017,0.866025,-0.5,辛,酉,-0.951057,-0.309017,-1,-1.83697e-16,癸,巳,-0.587785,0.809017,0.5,-0.866025,壬,申,-0.951057,0.309017,-0.866025,-0.5,己,未,1.22465e-16,-1,-0.5,-0.866025,甲,寅,0,1,0.866025,0.5,丁,卯,0.951057,-0.309017,1,6.12323e-17,己,酉,1.22465e-16,-1,-1,-1.83697e-16,乙,亥,0.587785,0.809017,-0.5,0.866025,癸,卯,-0.587785,0.809017,1,6.12323e-17,辛,酉,-0.951057,-0.309017,-1,-1.83697e-16,庚,午,-0.587785,-0.809017,1.22465e-16,-1,丙,寅,0.951057,0.309017,0.866025,0.5,甲,辰,0,1,0.866025,-0.5,戊,申,0.587785,-0.809017,-0.866025,-0.5,長生,墓庫,死,帝旺,衰,絕,臨官,養,胎,死,墓庫,長生,胎,冠帶,臨官,病,衰,沐浴,病,冠帶,沐浴,胎,養,臨官,絕,衰,帝旺,沐浴,冠帶,病,死,養,長生,臨官,冠帶,胎
198,2024-08-21 00:00:00+08:00,17313.9,17415.5,17232.1,17391,2060224300,0,0,HSI,^HSI,8269929929471154797,2025-06-02 08:53:16.696166+08:00,庚子,丁巳,壬戌,乙巳,壬申,己未,甲寅,丁卯,丁卯,丁辰,甲申,己未,己酉,乙亥,癸卯,辛酉,庚午,丙寅,甲辰,戊申,2024,8,21,0,2,3,False,False,False,False,False,False,234,34,庚,子,-0.587785,-0.809017,0,1,丁,巳,0.951057,-0.309017,0.5,-0.866025,壬,戌,-0.951057,0.309017,-0.866025,0.5,乙,巳,0.587785,0.809017,0.5,-0.866025,壬,申,-0.951057,0.309017,-0.866025,-0.5,己,未,1.22465e-16,-1,-0.5,-0.866025,甲,寅,0,1,0.866025,0.5,丁,卯,0.951057,-0.309017,1,6.12323e-17,己,酉,1.22465e-16,-1,-1,-1.83697e-16,乙,亥,0.587785,0.809017,-0.5,0.866025,癸,卯,-0.587785,0.809017,1,6.12323e-17,辛,酉,-0.951057,-0.309017,-1,-1.83697e-16,庚,午,-0.587785,-0.809017,1.22465e-16,-1,丙,寅,0.951057,0.309017,0.866025,0.5,甲,辰,0,1,0.866025,-0.5,戊,申,0.587785,-0.809017,-0.866025,-0.5,長生,死,死,帝旺,衰,絕,臨官,胎,胎,死,墓庫,長生,胎,臨官,臨官,病,衰,沐浴,病,沐浴,沐浴,胎,養,臨官,絕,帝旺,帝旺,沐浴,冠帶,病,死,長生,長生,臨官,冠帶,胎
199,2024-08-22 00:00:00+08:00,17497.6,17652.8,17389.9,17641,2945729800,0,0,HSI,^HSI,7294008516782185019,2025-06-02 08:53:16.696166+08:00,壬子,戊午,癸亥,丁巳,壬申,己未,甲寅,丁卯,己卯,戊巳,甲申,己未,己酉,乙亥,癸卯,辛酉,庚午,丙寅,甲辰,戊申,2024,8,22,0,3,3,False,False,False,False,False,False,235,34,壬,子,-0.951057,0.309017,0,1,戊,午,0.587785,-0.809017,1.22465e-16,-1,癸,亥,-0.587785,0.809017,-0.5,0.866025,丁,巳,0.951057,-0.309017,0.5,-0.866025,壬,申,-0.951057,0.309017,-0.866025,-0.5,己,未,1.22465e-16,-1,-0.5,-0.866025,甲,寅,0,1,0.866025,0.5,丁,卯,0.951057,-0.309017,1,6.12323e-17,己,酉,1.22465e-16,-1,-1,-1.83697e-16,乙,亥,0.587785,0.809017,-0.5,0.866025,癸,卯,-0.587785,0.809017,1,6.12323e-17,辛,酉,-0.951057,-0.309017,-1,-1.83697e-16,庚,午,-0.587785,-0.809017,1.22465e-16,-1,丙,寅,0.951057,0.309017,0.866025,0.5,甲,辰,0,1,0.866025,-0.5,戊,申,0.587785,-0.809017,-0.866025,-0.5,長生,病,死,帝旺,衰,絕,臨官,絕,胎,死,墓庫,長生,胎,帝旺,臨官,病,衰,沐浴,病,長生,沐浴,胎,養,臨官,絕,臨官,帝旺,沐浴,冠帶,病,死,沐浴,長生,臨官,冠帶,胎
200,2024-08-23 00:00:00+08:00,17521.2,17635.7,17493.1,17612.1,2054121600,0,0,HSI,^HSI,10097871603765492560,2025-06-02 08:53:16.696166+08:00,甲子,己未,甲子,己巳,丁亥,己未,甲寅,壬午,辛卯,己午,己亥,己未,己酉,乙亥,癸卯,辛酉,庚午,丙寅,甲辰,戊申,2024,8,23,0,4,3,False,False,False,False,False,False,236,34,甲,子,0,1,0,1,己,未,1.22465e-16,-1,-0.5,-0.866025,甲,子,0,1,0,1,己,巳,1.22465e-16,-1,0.5,-0.866025,丁,亥,0.951057,-0.309017,-0.5,0.866025,己,未,1.22465e-16,-1,-0.5,-0.866025,甲,寅,0,1,0.866025,0.5,壬,午,-0.951057,0.309017,1.22465e-16,-1,己,酉,1.22465e-16,-1,-1,-1.83697e-16,乙,亥,0.587785,0.809017,-0.5,0.866025,癸,卯,-0.587785,0.809017,1,6.12323e-17,辛,酉,-0.951057,-0.309017,-1,-1.83697e-16,庚,午,-0.587785,-0.809017,1.22465e-16,-1,丙,寅,0.951057,0.309017,0.866025,0.5,甲,辰,0,1,0.866025,-0.5,戊,申,0.587785,-0.809017,-0.866025,-0.5,長生,衰,死,沐浴,衰,病,臨官,墓庫,胎,帝旺,墓庫,絕,胎,衰,臨官,絕,衰,帝旺,病,養,沐浴,死,養,長生,絕,冠帶,帝旺,胎,冠帶,臨官,死,冠帶,長生,病,冠帶,沐浴
201,2024-08-26 00:00:00+08:00,17709.3,17826.1,17709.3,17798.7,1970098500,0,0,HSI,^HSI,7579701375727392950,2025-06-02 08:53:16.696166+08:00,庚子,壬戌,丁卯,乙巳,丁亥,己未,甲寅,壬午,丁卯,壬酉,己亥,己未,己酉,乙亥,癸卯,辛酉,庚午,丙寅,甲辰,戊申,2024,8,26,0,0,3,False,False,False,False,False,False,239,35,庚,子,-0.587785,-0.809017,0,1,壬,戌,-0.951057,0.309017,-0.866025,0.5,丁,卯,0.951057,-0.309017,1,6.12323e-17,乙,巳,0.587785,0.809017,0.5,-0.866025,丁,亥,0.951057,-0.309017,-0.5,0.866025,己,未,1.22465e-16,-1,-0.5,-0.866025,甲,寅,0,1,0.866025,0.5,壬,午,-0.951057,0.309017,1.22465e-16,-1,己,酉,1.22465e-16,-1,-1,-1.83697e-16,乙,亥,0.587785,0.809017,-0.5,0.866025,癸,卯,-0.587785,0.809017,1,6.12323e-17,辛,酉,-0.951057,-0.309017,-1,-1.83697e-16,庚,午,-0.587785,-0.809017,1.22465e-16,-1,丙,寅,0.951057,0.309017,0.866025,0.5,甲,辰,0,1,0.866025,-0.5,戊,申,0.587785,-0.809017,-0.866025,-0.5,長生,冠帶,死,沐浴,衰,病,臨官,衰,胎,帝旺,墓庫,絕,胎,墓庫,臨官,絕,衰,帝旺,病,墓庫,沐浴,死,養,長生,絕,養,帝旺,胎,冠帶,臨官,死,衰,長生,病,冠帶,沐浴
202,2024-08-27 00:00:00+08:00,17663.8,17879.3,17624.4,17874.7,2702698800,0,0,HSI,^HSI,14622567426808834201,2025-06-02 08:53:16.696166+08:00,壬子,癸亥,戊辰,丁巳,丁亥,己未,甲寅,壬午,己卯,癸戌,庚亥,己未,己酉,乙亥,癸卯,辛酉,庚午,丙寅,甲辰,戊申,2024,8,27,0,1,3,False,False,False,False,False,False,240,35,壬,子,-0.951057,0.309017,0,1,癸,亥,-0.587785,0.809017,-0.5,0.866025,戊,辰,0.587785,-0.809017,0.866025,-0.5,丁,巳,0.951057,-0.309017,0.5,-0.866025,丁,亥,0.951057,-0.309017,-0.5,0.866025,己,未,1.22465e-16,-1,-0.5,-0.866025,甲,寅,0,1,0.866025,0.5,壬,午,-0.951057,0.309017,1.22465e-16,-1,己,酉,1.22465e-16,-1,-1,-1.83697e-16,乙,亥,0.587785,0.809017,-0.5,0.866025,癸,卯,-0.587785,0.809017,1,6.12323e-17,辛,酉,-0.951057,-0.309017,-1,-1.83697e-16,庚,午,-0.587785,-0.809017,1.22465e-16,-1,丙,寅,0.951057,0.309017,0.866025,0.5,甲,辰,0,1,0.866025,-0.5,戊,申,0.587785,-0.809017,-0.866025,-0.5,長生,沐浴,死,沐浴,衰,病,臨官,帝旺,胎,帝旺,墓庫,絕,胎,絕,臨官,絕,衰,帝旺,病,死,沐浴,死,養,長生,絕,胎,帝旺,胎,冠帶,臨官,死,病,長生,病,冠帶,沐浴
203,2024-08-28 00:00:00+08:00,17848,17879,17659.3,17692.4,2184592400,0,0,HSI,^HSI,8538795112267140378,2025-06-02 08:53:16.696166+08:00,甲子,甲子,己巳,己巳,丁亥,己未,甲寅,壬午,辛卯,甲亥,庚亥,己未,己酉,乙亥,癸卯,辛酉,庚午,丙寅,甲辰,戊申,2024,8,28,0,2,3,False,False,False,False,False,False,241,35,甲,子,0,1,0,1,甲,子,0,1,0,1,己,巳,1.22465e-16,-1,0.5,-0.866025,己,巳,1.22465e-16,-1,0.5,-0.866025,丁,亥,0.951057,-0.309017,-0.5,0.866025,己,未,1.22465e-16,-1,-0.5,-0.866025,甲,寅,0,1,0.866025,0.5,壬,午,-0.951057,0.309017,1.22465e-16,-1,己,酉,1.22465e-16,-1,-1,-1.83697e-16,乙,亥,0.587785,0.809017,-0.5,0.866025,癸,卯,-0.587785,0.809017,1,6.12323e-17,辛,酉,-0.951057,-0.309017,-1,-1.83697e-16,庚,午,-0.587785,-0.809017,1.22465e-16,-1,丙,寅,0.951057,0.309017,0.866025,0.5,甲,辰,0,1,0.866025,-0.5,戊,申,0.587785,-0.809017,-0.866025,-0.5,長生,長生,死,沐浴,衰,病,臨官,臨官,胎,帝旺,墓庫,絕,胎,胎,臨官,絕,衰,帝旺,病,病,沐浴,死,養,長生,絕,絕,帝旺,胎,冠帶,臨官,死,死,長生,病,冠帶,沐浴
204,2024-08-29 00:00:00+08:00,17614.4,17797.2,17502.5,17786.3,2858172500,0,0,HSI,^HSI,13337743345739366654,2025-06-02 08:53:16.696166+08:00,丙子,乙丑,庚午,辛巳,丁亥,己未,甲寅,壬午,癸卯,乙子,庚亥,己未,己酉,乙亥,癸卯,辛酉,庚午,丙寅,甲辰,戊申,2024,8,29,0,3,3,False,False,False,False,False,False,242,35,丙,子,0.951057,0.309017,0,1,乙,丑,0.587785,0.809017,0.5,0.866025,庚,午,-0.587785,-0.809017,1.22465e-16,-1,辛,巳,-0.951057,-0.309017,0.5,-0.866025,丁,亥,0.951057,-0.309017,-0.5,0.866025,己,未,1.22465e-16,-1,-0.5,-0.866025,甲,寅,0,1,0.866025,0.5,壬,午,-0.951057,0.309017,1.22465e-16,-1,己,酉,1.22465e-16,-1,-1,-1.83697e-16,乙,亥,0.587785,0.809017,-0.5,0.866025,癸,卯,-0.587785,0.809017,1,6.12323e-17,辛,酉,-0.951057,-0.309017,-1,-1.83697e-16,庚,午,-0.587785,-0.809017,1.22465e-16,-1,丙,寅,0.951057,0.309017,0.866025,0.5,甲,辰,0,1,0.866025,-0.5,戊,申,0.587785,-0.809017,-0.866025,-0.5,長生,養,死,沐浴,衰,病,臨官,冠帶,胎,帝旺,墓庫,絕,胎,養,臨官,絕,衰,帝旺,病,衰,沐浴,死,養,長生,絕,墓庫,帝旺,胎,冠帶,臨官,死,墓庫,長生,病,冠帶,沐浴
205,2024-08-30 00:00:00+08:00,17794.4,18202.6,17778.1,17989.1,4753806200,0,0,HSI,^HSI,6448446100871111361,2025-06-02 08:53:16.696166+08:00,戊子,丙寅,辛未,癸巳,丁亥,己未,甲寅,壬午,乙卯,丙丑,乙亥,己未,己酉,乙亥,癸卯,辛酉,庚午,丙寅,甲辰,戊申,2024,8,30,0,4,3,False,False,False,False,False,False,243,35,戊,子,0.587785,-0.809017,0,1,丙,寅,0.951057,0.309017,0.866025,0.5,辛,未,-0.951057,-0.309017,-0.5,-0.866025,癸,巳,-0.587785,0.809017,0.5,-0.866025,丁,亥,0.951057,-0.309017,-0.5,0.866025,己,未,1.22465e-16,-1,-0.5,-0.866025,甲,寅,0,1,0.866025,0.5,壬,午,-0.951057,0.309017,1.22465e-16,-1,己,酉,1.22465e-16,-1,-1,-1.83697e-16,乙,亥,0.587785,0.809017,-0.5,0.866025,癸,卯,-0.587785,0.809017,1,6.12323e-17,辛,酉,-0.951057,-0.309017,-1,-1.83697e-16,庚,午,-0.587785,-0.809017,1.22465e-16,-1,丙,寅,0.951057,0.309017,0.866025,0.5,甲,辰,0,1,0.866025,-0.5,戊,申,0.587785,-0.809017,-0.866025,-0.5,長生,胎,死,沐浴,衰,病,臨官,沐浴,胎,帝旺,墓庫,絕,胎,長生,臨官,絕,衰,帝旺,病,帝旺,沐浴,死,養,長生,絕,死,帝旺,胎,冠帶,臨官,死,絕,長生,病,冠帶,沐浴
206,2024-09-02 00:00:00+08:00,17862.6,17862.6,17645.9,17692,3077120300,0,0,HSI,^HSI,12873006665732068845,2025-06-02 08:53:16.696166+08:00,甲子,己巳,甲戌,己巳,丁亥,己未,甲寅,壬午,辛卯,己辰,丙亥,己未,己酉,乙亥,癸卯,辛酉,庚午,丙寅,甲辰,戊申,2024,9,2,0,0,3,False,False,False,False,False,False,246,36,甲,子,0,1,0,1,己,巳,1.22465e-16,-1,0.5,-0.866025,甲,戌,0,1,-0.866025,0.5,己,巳,1.22465e-16,-1,0.5,-0.866025,丁,亥,0.951057,-0.309017,-0.5,0.866025,己,未,1.22465e-16,-1,-0.5,-0.866025,甲,寅,0,1,0.866025,0.5,壬,午,-0.951057,0.309017,1.22465e-16,-1,己,酉,1.22465e-16,-1,-1,-1.83697e-16,乙,亥,0.587785,0.809017,-0.5,0.866025,癸,卯,-0.587785,0.809017,1,6.12323e-17,辛,酉,-0.951057,-0.309017,-1,-1.83697e-16,庚,午,-0.587785,-0.809017,1.22465e-16,-1,丙,寅,0.951057,0.309017,0.866025,0.5,甲,辰,0,1,0.866025,-0.5,戊,申,0.587785,-0.809017,-0.866025,-0.5,長生,死,死,沐浴,衰,病,臨官,胎,胎,帝旺,墓庫,絕,胎,臨官,臨官,絕,衰,帝旺,病,沐浴,沐浴,死,養,長生,絕,帝旺,帝旺,胎,冠帶,臨官,死,長生,長生,病,冠帶,沐浴
207,2024-09-03 00:00:00+08:00,17665.9,17725.5,17583.7,17651.5,2470760400,0,0,HSI,^HSI,842000711534960673,2025-06-02 08:53:16.696166+08:00,丙子,庚午,乙亥,辛巳,丁亥,己未,甲寅,壬午,癸卯,庚巳,丙亥,己未,己酉,乙亥,癸卯,辛酉,庚午,丙寅,甲辰,戊申,2024,9,3,0,1,3,False,False,False,False,False,False,247,36,丙,子,0.951057,0.309017,0,1,庚,午,-0.587785,-0.809017,1.22465e-16,-1,乙,亥,0.587785,0.809017,-0.5,0.866025,辛,巳,-0.951057,-0.309017,0.5,-0.866025,丁,亥,0.951057,-0.309017,-0.5,0.866025,己,未,1.22465e-16,-1,-0.5,-0.866025,甲,寅,0,1,0.866025,0.5,壬,午,-0.951057,0.309017,1.22465e-16,-1,己,酉,1.22465e-16,-1,-1,-1.83697e-16,乙,亥,0.587785,0.809017,-0.5,0.866025,癸,卯,-0.587785,0.809017,1,6.12323e-17,辛,酉,-0.951057,-0.309017,-1,-1.83697e-16,庚,午,-0.587785,-0.809017,1.22465e-16,-1,丙,寅,0.951057,0.309017,0.866025,0.5,甲,辰,0,1,0.866025,-0.5,戊,申,0.587785,-0.809017,-0.866025,-0.5,長生,病,死,沐浴,衰,病,臨官,絕,胎,帝旺,墓庫,絕,胎,帝旺,臨官,絕,衰,帝旺,病,長生,沐浴,死,養,長生,絕,臨官,帝旺,胎,冠帶,臨官,死,沐浴,長生,病,冠帶,沐浴
208,2024-09-04 00:00:00+08:00,17474.7,17531.1,17333.3,17457.3,2601237200,0,0,HSI,^HSI,18445824520405350520,2025-06-02 08:53:16.696166+08:00,戊子,辛未,丙子,癸巳,丁亥,己未,甲寅,壬午,乙卯,辛午,丙亥,己未,己酉,乙亥,癸卯,辛酉,庚午,丙寅,甲辰,戊申,2024,9,4,0,2,3,False,False,False,False,False,False,248,36,戊,子,0.587785,-0.809017,0,1,辛,未,-0.951057,-0.309017,-0.5,-0.866025,丙,子,0.951057,0.309017,0,1,癸,巳,-0.587785,0.809017,0.5,-0.866025,丁,亥,0.951057,-0.309017,-0.5,0.866025,己,未,1.22465e-16,-1,-0.5,-0.866025,甲,寅,0,1,0.866025,0.5,壬,午,-0.951057,0.309017,1.22465e-16,-1,己,酉,1.22465e-16,-1,-1,-1.83697e-16,乙,亥,0.587785,0.809017,-0.5,0.866025,癸,卯,-0.587785,0.809017,1,6.12323e-17,辛,酉,-0.951057,-0.309017,-1,-1.83697e-16,庚,午,-0.587785,-0.809017,1.22465e-16,-1,丙,寅,0.951057,0.309017,0.866025,0.5,甲,辰,0,1,0.866025,-0.5,戊,申,0.587785,-0.809017,-0.866025,-0.5,長生,衰,死,沐浴,衰,病,臨官,墓庫,胎,帝旺,墓庫,絕,胎,衰,臨官,絕,衰,帝旺,病,養,沐浴,死,養,長生,絕,冠帶,帝旺,胎,冠帶,臨官,死,冠帶,長生,病,冠帶,沐浴
209,2024-09-05 00:00:00+08:00,17470,17555.6,17332.5,17444.3,2558634900,0,0,HSI,^HSI,12688915570812503624,2025-06-02 08:53:16.696166+08:00,庚子,壬申,丁丑,乙巳,丁亥,己未,甲寅,壬午,丁卯,壬未,辛亥,己未,己酉,乙亥,癸卯,辛酉,庚午,丙寅,甲辰,戊申,2024,9,5,0,3,3,False,False,False,False,False,False,249,36,庚,子,-0.587785,-0.809017,0,1,壬,申,-0.951057,0.309017,-0.866025,-0.5,丁,丑,0.951057,-0.309017,0.5,0.866025,乙,巳,0.587785,0.809017,0.5,-0.866025,丁,亥,0.951057,-0.309017,-0.5,0.866025,己,未,1.22465e-16,-1,-0.5,-0.866025,甲,寅,0,1,0.866025,0.5,壬,午,-0.951057,0.309017,1.22465e-16,-1,己,酉,1.22465e-16,-1,-1,-1.83697e-16,乙,亥,0.587785,0.809017,-0.5,0.866025,癸,卯,-0.587785,0.809017,1,6.12323e-17,辛,酉,-0.951057,-0.309017,-1,-1.83697e-16,庚,午,-0.587785,-0.809017,1.22465e-16,-1,丙,寅,0.951057,0.309017,0.866025,0.5,甲,辰,0,1,0.866025,-0.5,戊,申,0.587785,-0.809017,-0.866025,-0.5,長生,帝旺,死,沐浴,衰,病,臨官,死,胎,帝旺,墓庫,絕,胎,病,臨官,絕,衰,帝旺,病,胎,沐浴,死,養,長生,絕,沐浴,帝旺,胎,冠帶,臨官,死,臨官,長生,病,冠帶,沐浴
210,2024-09-09 00:00:00+08:00,17261.9,17305.9,17067.4,17197,3841864100,0,0,HSI,^HSI,16341618732828127842,2025-06-02 08:53:16.696166+08:00,戊子,丙子,辛巳,癸巳,癸酉,己未,甲寅,戊辰,乙卯,丙亥,癸酉,己未,己酉,乙亥,癸卯,辛酉,庚午,丙寅,甲辰,戊申,2024,9,9,0,0,3,False,False,False,False,False,False,253,37,戊,子,0.587785,-0.809017,0,1,丙,子,0.951057,0.309017,0,1,辛,巳,-0.951057,-0.309017,0.5,-0.866025,癸,巳,-0.587785,0.809017,0.5,-0.866025,癸,酉,-0.587785,0.809017,-1,-1.83697e-16,己,未,1.22465e-16,-1,-0.5,-0.866025,甲,寅,0,1,0.866025,0.5,戊,辰,0.587785,-0.809017,0.866025,-0.5,己,酉,1.22465e-16,-1,-1,-1.83697e-16,乙,亥,0.587785,0.809017,-0.5,0.866025,癸,卯,-0.587785,0.809017,1,6.12323e-17,辛,酉,-0.951057,-0.309017,-1,-1.83697e-16,庚,午,-0.587785,-0.809017,1.22465e-16,-1,丙,寅,0.951057,0.309017,0.866025,0.5,甲,辰,0,1,0.866025,-0.5,戊,申,0.587785,-0.809017,-0.866025,-0.5,長生,長生,死,臨官,衰,墓庫,臨官,臨官,胎,病,墓庫,養,胎,胎,臨官,死,衰,冠帶,病,病,沐浴,絕,養,冠帶,絕,絕,帝旺,長生,冠帶,衰,死,死,長生,帝旺,冠帶,養
211,2024-09-10 00:00:00+08:00,17205.4,17297.9,17133.5,17234.1,2786726500,0,0,HSI,^HSI,11790361059512662894,2025-06-02 08:53:16.696166+08:00,庚子,丁丑,壬午,乙巳,癸酉,己未,甲寅,戊辰,丁卯,丁子,癸酉,己未,己酉,乙亥,癸卯,辛酉,庚午,丙寅,甲辰,戊申,2024,9,10,0,1,3,False,False,False,False,False,False,254,37,庚,子,-0.587785,-0.809017,0,1,丁,丑,0.951057,-0.309017,0.5,0.866025,壬,午,-0.951057,0.309017,1.22465e-16,-1,乙,巳,0.587785,0.809017,0.5,-0.866025,癸,酉,-0.587785,0.809017,-1,-1.83697e-16,己,未,1.22465e-16,-1,-0.5,-0.866025,甲,寅,0,1,0.866025,0.5,戊,辰,0.587785,-0.809017,0.866025,-0.5,己,酉,1.22465e-16,-1,-1,-1.83697e-16,乙,亥,0.587785,0.809017,-0.5,0.866025,癸,卯,-0.587785,0.809017,1,6.12323e-17,辛,酉,-0.951057,-0.309017,-1,-1.83697e-16,庚,午,-0.587785,-0.809017,1.22465e-16,-1,丙,寅,0.951057,0.309017,0.866025,0.5,甲,辰,0,1,0.866025,-0.5,戊,申,0.587785,-0.809017,-0.866025,-0.5,長生,養,死,臨官,衰,墓庫,臨官,冠帶,胎,病,墓庫,養,胎,養,臨官,死,衰,冠帶,病,衰,沐浴,絕,養,冠帶,絕,墓庫,帝旺,長生,冠帶,衰,死,墓庫,長生,帝旺,冠帶,養
212,2024-09-11 00:00:00+08:00,17051.8,17125,16964.3,17108.7,3071142700,0,0,HSI,^HSI,12649297230824484841,2025-06-02 08:53:16.696166+08:00,壬子,戊寅,癸未,丁巳,癸酉,己未,甲寅,戊辰,己卯,戊丑,戊酉,己未,己酉,乙亥,癸卯,辛酉,庚午,丙寅,甲辰,戊申,2024,9,11,0,2,3,False,False,False,False,False,False,255,37,壬,子,-0.951057,0.309017,0,1,戊,寅,0.587785,-0.809017,0.866025,0.5,癸,未,-0.587785,0.809017,-0.5,-0.866025,丁,巳,0.951057,-0.309017,0.5,-0.866025,癸,酉,-0.587785,0.809017,-1,-1.83697e-16,己,未,1.22465e-16,-1,-0.5,-0.866025,甲,寅,0,1,0.866025,0.5,戊,辰,0.587785,-0.809017,0.866025,-0.5,己,酉,1.22465e-16,-1,-1,-1.83697e-16,乙,亥,0.587785,0.809017,-0.5,0.866025,癸,卯,-0.587785,0.809017,1,6.12323e-17,辛,酉,-0.951057,-0.309017,-1,-1.83697e-16,庚,午,-0.587785,-0.809017,1.22465e-16,-1,丙,寅,0.951057,0.309017,0.866025,0.5,甲,辰,0,1,0.866025,-0.5,戊,申,0.587785,-0.809017,-0.866025,-0.5,長生,胎,死,臨官,衰,墓庫,臨官,沐浴,胎,病,墓庫,養,胎,長生,臨官,死,衰,冠帶,病,帝旺,沐浴,絕,養,冠帶,絕,死,帝旺,長生,冠帶,衰,死,絕,長生,帝旺,冠帶,養
213,2024-09-12 00:00:00+08:00,17177.3,17334.2,17127.2,17240.4,2374153300,0,0,HSI,^HSI,8325192406000328171,2025-06-02 08:53:16.696166+08:00,甲子,己卯,甲申,己巳,癸酉,己未,甲寅,戊辰,辛卯,己寅,戊酉,己未,己酉,乙亥,癸卯,辛酉,庚午,丙寅,甲辰,戊申,2024,9,12,0,3,3,False,False,False,False,False,False,256,37,甲,子,0,1,0,1,己,卯,1.22465e-16,-1,1,6.12323e-17,甲,申,0,1,-0.866025,-0.5,己,巳,1.22465e-16,-1,0.5,-0.866025,癸,酉,-0.587785,0.809017,-1,-1.83697e-16,己,未,1.22465e-16,-1,-0.5,-0.866025,甲,寅,0,1,0.866025,0.5,戊,辰,0.587785,-0.809017,0.866025,-0.5,己,酉,1.22465e-16,-1,-1,-1.83697e-16,乙,亥,0.587785,0.809017,-0.5,0.866025,癸,卯,-0.587785,0.809017,1,6.12323e-17,辛,酉,-0.951057,-0.309017,-1,-1.83697e-16,庚,午,-0.587785,-0.809017,1.22465e-16,-1,丙,寅,0.951057,0.309017,0.866025,0.5,甲,辰,0,1,0.866025,-0.5,戊,申,0.587785,-0.809017,-0.866025,-0.5,長生,絕,死,臨官,衰,墓庫,臨官,長生,胎,病,墓庫,養,胎,沐浴,臨官,死,衰,冠帶,病,臨官,沐浴,絕,養,冠帶,絕,病,帝旺,長生,冠帶,衰,死,胎,長生,帝旺,冠帶,養
214,2024-09-13 00:00:00+08:00,17298.3,17540.8,17298.3,17369.1,2139977900,0,0,HSI,^HSI,7400340772977951804,2025-06-02 08:53:16.696166+08:00,丙子,庚辰,乙酉,辛巳,癸酉,己未,甲寅,戊辰,癸卯,庚卯,戊酉,己未,己酉,乙亥,癸卯,辛酉,庚午,丙寅,甲辰,戊申,2024,9,13,0,4,3,False,False,False,False,False,False,257,37,丙,子,0.951057,0.309017,0,1,庚,辰,-0.587785,-0.809017,0.866025,-0.5,乙,酉,0.587785,0.809017,-1,-1.83697e-16,辛,巳,-0.951057,-0.309017,0.5,-0.866025,癸,酉,-0.587785,0.809017,-1,-1.83697e-16,己,未,1.22465e-16,-1,-0.5,-0.866025,甲,寅,0,1,0.866025,0.5,戊,辰,0.587785,-0.809017,0.866025,-0.5,己,酉,1.22465e-16,-1,-1,-1.83697e-16,乙,亥,0.587785,0.809017,-0.5,0.866025,癸,卯,-0.587785,0.809017,1,6.12323e-17,辛,酉,-0.951057,-0.309017,-1,-1.83697e-16,庚,午,-0.587785,-0.809017,1.22465e-16,-1,丙,寅,0.951057,0.309017,0.866025,0.5,甲,辰,0,1,0.866025,-0.5,戊,申,0.587785,-0.809017,-0.866025,-0.5,長生,墓庫,死,臨官,衰,墓庫,臨官,養,胎,病,墓庫,養,胎,冠帶,臨官,死,衰,冠帶,病,冠帶,沐浴,絕,養,冠帶,絕,衰,帝旺,長生,冠帶,衰,死,養,長生,帝旺,冠帶,養
215,2024-09-16 00:00:00+08:00,17252.8,17422.1,17177.1,17422.1,1127924500,0,0,HSI,^HSI,13626944743510730131,2025-06-02 08:53:16.696166+08:00,壬子,癸未,戊子,丁巳,癸酉,己未,甲寅,戊辰,己卯,癸午,己酉,己未,己酉,乙亥,癸卯,辛酉,庚午,丙寅,甲辰,戊申,2024,9,16,0,0,3,False,False,False,False,False,False,260,38,壬,子,-0.951057,0.309017,0,1,癸,未,-0.587785,0.809017,-0.5,-0.866025,戊,子,0.587785,-0.809017,0,1,丁,巳,0.951057,-0.309017,0.5,-0.866025,癸,酉,-0.587785,0.809017,-1,-1.83697e-16,己,未,1.22465e-16,-1,-0.5,-0.866025,甲,寅,0,1,0.866025,0.5,戊,辰,0.587785,-0.809017,0.866025,-0.5,己,酉,1.22465e-16,-1,-1,-1.83697e-16,乙,亥,0.587785,0.809017,-0.5,0.866025,癸,卯,-0.587785,0.809017,1,6.12323e-17,辛,酉,-0.951057,-0.309017,-1,-1.83697e-16,庚,午,-0.587785,-0.809017,1.22465e-16,-1,丙,寅,0.951057,0.309017,0.866025,0.5,甲,辰,0,1,0.866025,-0.5,戊,申,0.587785,-0.809017,-0.866025,-0.5,長生,衰,死,臨官,衰,墓庫,臨官,墓庫,胎,病,墓庫,養,胎,衰,臨官,死,衰,冠帶,病,養,沐浴,絕,養,冠帶,絕,冠帶,帝旺,長生,冠帶,衰,死,冠帶,長生,帝旺,冠帶,養
216,2024-09-17 00:00:00+08:00,17386.8,17715.8,17368.1,17660,1665721500,0,0,HSI,^HSI,3424785973738890081,2025-06-02 08:53:16.696166+08:00,甲子,甲申,己丑,己巳,癸酉,己未,甲寅,戊辰,辛卯,甲未,甲酉,己未,己酉,乙亥,癸卯,辛酉,庚午,丙寅,甲辰,戊申,2024,9,17,0,1,3,False,False,False,False,False,False,261,38,甲,子,0,1,0,1,甲,申,0,1,-0.866025,-0.5,己,丑,1.22465e-16,-1,0.5,0.866025,己,巳,1.22465e-16,-1,0.5,-0.866025,癸,酉,-0.587785,0.809017,-1,-1.83697e-16,己,未,1.22465e-16,-1,-0.5,-0.866025,甲,寅,0,1,0.866025,0.5,戊,辰,0.587785,-0.809017,0.866025,-0.5,己,酉,1.22465e-16,-1,-1,-1.83697e-16,乙,亥,0.587785,0.809017,-0.5,0.866025,癸,卯,-0.587785,0.809017,1,6.12323e-17,辛,酉,-0.951057,-0.309017,-1,-1.83697e-16,庚,午,-0.587785,-0.809017,1.22465e-16,-1,丙,寅,0.951057,0.309017,0.866025,0.5,甲,辰,0,1,0.866025,-0.5,戊,申,0.587785,-0.809017,-0.866025,-0.5,長生,帝旺,死,臨官,衰,墓庫,臨官,死,胎,病,墓庫,養,胎,病,臨官,死,衰,冠帶,病,胎,沐浴,絕,養,冠帶,絕,沐浴,帝旺,長生,冠帶,衰,死,臨官,長生,帝旺,冠帶,養
217,2024-09-19 00:00:00+08:00,17633.9,18071.1,17602.4,18013.2,3436673300,0,0,HSI,^HSI,1370930559053950930,2025-06-02 08:53:16.696166+08:00,戊子,丙戌,辛卯,癸巳,癸酉,己未,甲寅,戊辰,乙卯,丙酉,甲酉,己未,己酉,乙亥,癸卯,辛酉,庚午,丙寅,甲辰,戊申,2024,9,19,0,3,3,False,False,False,False,False,False,263,38,戊,子,0.587785,-0.809017,0,1,丙,戌,0.951057,0.309017,-0.866025,0.5,辛,卯,-0.951057,-0.309017,1,6.12323e-17,癸,巳,-0.587785,0.809017,0.5,-0.866025,癸,酉,-0.587785,0.809017,-1,-1.83697e-16,己,未,1.22465e-16,-1,-0.5,-0.866025,甲,寅,0,1,0.866025,0.5,戊,辰,0.587785,-0.809017,0.866025,-0.5,己,酉,1.22465e-16,-1,-1,-1.83697e-16,乙,亥,0.587785,0.809017,-0.5,0.866025,癸,卯,-0.587785,0.809017,1,6.12323e-17,辛,酉,-0.951057,-0.309017,-1,-1.83697e-16,庚,午,-0.587785,-0.809017,1.22465e-16,-1,丙,寅,0.951057,0.309017,0.866025,0.5,甲,辰,0,1,0.866025,-0.5,戊,申,0.587785,-0.809017,-0.866025,-0.5,長生,冠帶,死,臨官,衰,墓庫,臨官,衰,胎,病,墓庫,養,胎,墓庫,臨官,死,衰,冠帶,病,墓庫,沐浴,絕,養,冠帶,絕,養,帝旺,長生,冠帶,衰,死,衰,長生,帝旺,冠帶,養
218,2024-09-20 00:00:00+08:00,18069.3,18355.2,18047.1,18258.6,4005306800,0,0,HSI,^HSI,1948739257245668689,2025-06-02 08:53:16.696166+08:00,庚子,丁亥,壬辰,乙巳,癸酉,己未,甲寅,戊辰,丁卯,丁戌,乙酉,己未,己酉,乙亥,癸卯,辛酉,庚午,丙寅,甲辰,戊申,2024,9,20,0,4,3,False,False,False,False,False,False,264,38,庚,子,-0.587785,-0.809017,0,1,丁,亥,0.951057,-0.309017,-0.5,0.866025,壬,辰,-0.951057,0.309017,0.866025,-0.5,乙,巳,0.587785,0.809017,0.5,-0.866025,癸,酉,-0.587785,0.809017,-1,-1.83697e-16,己,未,1.22465e-16,-1,-0.5,-0.866025,甲,寅,0,1,0.866025,0.5,戊,辰,0.587785,-0.809017,0.866025,-0.5,己,酉,1.22465e-16,-1,-1,-1.83697e-16,乙,亥,0.587785,0.809017,-0.5,0.866025,癸,卯,-0.587785,0.809017,1,6.12323e-17,辛,酉,-0.951057,-0.309017,-1,-1.83697e-16,庚,午,-0.587785,-0.809017,1.22465e-16,-1,丙,寅,0.951057,0.309017,0.866025,0.5,甲,辰,0,1,0.866025,-0.5,戊,申,0.587785,-0.809017,-0.866025,-0.5,長生,沐浴,死,臨官,衰,墓庫,臨官,帝旺,胎,病,墓庫,養,胎,絕,臨官,死,衰,冠帶,病,死,沐浴,絕,養,冠帶,絕,胎,帝旺,長生,冠帶,衰,死,病,長生,帝旺,冠帶,養
219,2024-09-23 00:00:00+08:00,18237.4,18426.9,18212.6,18247.1,2724524400,0,0,HSI,^HSI,14705176129811938739,2025-06-02 08:53:16.696166+08:00,丙子,庚寅,乙未,辛巳,戊子,己未,甲寅,癸未,癸卯,庚丑,庚子,己未,己酉,乙亥,癸卯,辛酉,庚午,丙寅,甲辰,戊申,2024,9,23,0,0,3,False,False,False,False,False,False,267,39,丙,子,0.951057,0.309017,0,1,庚,寅,-0.587785,-0.809017,0.866025,0.5,乙,未,0.587785,0.809017,-0.5,-0.866025,辛,巳,-0.951057,-0.309017,0.5,-0.866025,戊,子,0.587785,-0.809017,0,1,己,未,1.22465e-16,-1,-0.5,-0.866025,甲,寅,0,1,0.866025,0.5,癸,未,-0.587785,0.809017,-0.5,-0.866025,己,酉,1.22465e-16,-1,-1,-1.83697e-16,乙,亥,0.587785,0.809017,-0.5,0.866025,癸,卯,-0.587785,0.809017,1,6.12323e-17,辛,酉,-0.951057,-0.309017,-1,-1.83697e-16,庚,午,-0.587785,-0.809017,1.22465e-16,-1,丙,寅,0.951057,0.309017,0.866025,0.5,甲,辰,0,1,0.866025,-0.5,戊,申,0.587785,-0.809017,-0.866025,-0.5,長生,胎,死,長生,衰,衰,臨官,沐浴,胎,臨官,墓庫,墓庫,胎,長生,臨官,胎,衰,衰,病,帝旺,沐浴,病,養,養,絕,死,帝旺,絕,冠帶,冠帶,死,絕,長生,死,冠帶,冠帶
220,2024-09-24 00:00:00+08:00,18573.9,19002.1,18532.3,19000.6,6008421400,0,0,HSI,^HSI,16070002099715979106,2025-06-02 08:53:16.696166+08:00,戊子,辛卯,丙申,癸巳,戊子,己未,甲寅,癸未,乙卯,辛寅,庚子,己未,己酉,乙亥,癸卯,辛酉,庚午,丙寅,甲辰,戊申,2024,9,24,0,1,3,False,False,False,False,False,False,268,39,戊,子,0.587785,-0.809017,0,1,辛,卯,-0.951057,-0.309017,1,6.12323e-17,丙,申,0.951057,0.309017,-0.866025,-0.5,癸,巳,-0.587785,0.809017,0.5,-0.866025,戊,子,0.587785,-0.809017,0,1,己,未,1.22465e-16,-1,-0.5,-0.866025,甲,寅,0,1,0.866025,0.5,癸,未,-0.587785,0.809017,-0.5,-0.866025,己,酉,1.22465e-16,-1,-1,-1.83697e-16,乙,亥,0.587785,0.809017,-0.5,0.866025,癸,卯,-0.587785,0.809017,1,6.12323e-17,辛,酉,-0.951057,-0.309017,-1,-1.83697e-16,庚,午,-0.587785,-0.809017,1.22465e-16,-1,丙,寅,0.951057,0.309017,0.866025,0.5,甲,辰,0,1,0.866025,-0.5,戊,申,0.587785,-0.809017,-0.866025,-0.5,長生,絕,死,長生,衰,衰,臨官,長生,胎,臨官,墓庫,墓庫,胎,沐浴,臨官,胎,衰,衰,病,臨官,沐浴,病,養,養,絕,病,帝旺,絕,冠帶,冠帶,死,胎,長生,死,冠帶,冠帶
221,2024-09-25 00:00:00+08:00,19592.4,19592.4,19072.7,19129.1,6507488700,0,0,HSI,^HSI,1335114724156152396,2025-06-02 08:53:16.696166+08:00,庚子,壬辰,丁酉,乙巳,戊子,己未,甲寅,癸未,丁卯,壬卯,庚子,己未,己酉,乙亥,癸卯,辛酉,庚午,丙寅,甲辰,戊申,2024,9,25,0,2,3,False,False,False,False,False,False,269,39,庚,子,-0.587785,-0.809017,0,1,壬,辰,-0.951057,0.309017,0.866025,-0.5,丁,酉,0.951057,-0.309017,-1,-1.83697e-16,乙,巳,0.587785,0.809017,0.5,-0.866025,戊,子,0.587785,-0.809017,0,1,己,未,1.22465e-16,-1,-0.5,-0.866025,甲,寅,0,1,0.866025,0.5,癸,未,-0.587785,0.809017,-0.5,-0.866025,己,酉,1.22465e-16,-1,-1,-1.83697e-16,乙,亥,0.587785,0.809017,-0.5,0.866025,癸,卯,-0.587785,0.809017,1,6.12323e-17,辛,酉,-0.951057,-0.309017,-1,-1.83697e-16,庚,午,-0.587785,-0.809017,1.22465e-16,-1,丙,寅,0.951057,0.309017,0.866025,0.5,甲,辰,0,1,0.866025,-0.5,戊,申,0.587785,-0.809017,-0.866025,-0.5,長生,墓庫,死,長生,衰,衰,臨官,養,胎,臨官,墓庫,墓庫,胎,冠帶,臨官,胎,衰,衰,病,冠帶,沐浴,病,養,養,絕,衰,帝旺,絕,冠帶,冠帶,死,養,長生,死,冠帶,冠帶
222,2024-09-26 00:00:00+08:00,19302.6,19954.1,19176.6,19924.6,7428256300,0,0,HSI,^HSI,17881151769235490997,2025-06-02 08:53:16.696166+08:00,壬子,癸巳,戊戌,丁巳,戊子,己未,甲寅,癸未,己卯,癸辰,辛子,己未,己酉,乙亥,癸卯,辛酉,庚午,丙寅,甲辰,戊申,2024,9,26,0,3,3,False,False,False,False,False,False,270,39,壬,子,-0.951057,0.309017,0,1,癸,巳,-0.587785,0.809017,0.5,-0.866025,戊,戌,0.587785,-0.809017,-0.866025,0.5,丁,巳,0.951057,-0.309017,0.5,-0.866025,戊,子,0.587785,-0.809017,0,1,己,未,1.22465e-16,-1,-0.5,-0.866025,甲,寅,0,1,0.866025,0.5,癸,未,-0.587785,0.809017,-0.5,-0.866025,己,酉,1.22465e-16,-1,-1,-1.83697e-16,乙,亥,0.587785,0.809017,-0.5,0.866025,癸,卯,-0.587785,0.809017,1,6.12323e-17,辛,酉,-0.951057,-0.309017,-1,-1.83697e-16,庚,午,-0.587785,-0.809017,1.22465e-16,-1,丙,寅,0.951057,0.309017,0.866025,0.5,甲,辰,0,1,0.866025,-0.5,戊,申,0.587785,-0.809017,-0.866025,-0.5,長生,死,死,長生,衰,衰,臨官,胎,胎,臨官,墓庫,墓庫,胎,臨官,臨官,胎,衰,衰,病,沐浴,沐浴,病,養,養,絕,帝旺,帝旺,絕,冠帶,冠帶,死,長生,長生,死,冠帶,冠帶
223,2024-09-27 00:00:00+08:00,20446.7,20743.2,20268.6,20632.3,9656093400,0,0,HSI,^HSI,3928000540157734203,2025-06-02 08:53:16.696166+08:00,甲子,甲午,己亥,己巳,戊子,己未,甲寅,癸未,辛卯,甲巳,辛子,己未,己酉,乙亥,癸卯,辛酉,庚午,丙寅,甲辰,戊申,2024,9,27,0,4,3,False,False,False,False,False,False,271,39,甲,子,0,1,0,1,甲,午,0,1,1.22465e-16,-1,己,亥,1.22465e-16,-1,-0.5,0.866025,己,巳,1.22465e-16,-1,0.5,-0.866025,戊,子,0.587785,-0.809017,0,1,己,未,1.22465e-16,-1,-0.5,-0.866025,甲,寅,0,1,0.866025,0.5,癸,未,-0.587785,0.809017,-0.5,-0.866025,己,酉,1.22465e-16,-1,-1,-1.83697e-16,乙,亥,0.587785,0.809017,-0.5,0.866025,癸,卯,-0.587785,0.809017,1,6.12323e-17,辛,酉,-0.951057,-0.309017,-1,-1.83697e-16,庚,午,-0.587785,-0.809017,1.22465e-16,-1,丙,寅,0.951057,0.309017,0.866025,0.5,甲,辰,0,1,0.866025,-0.5,戊,申,0.587785,-0.809017,-0.866025,-0.5,長生,病,死,長生,衰,衰,臨官,絕,胎,臨官,墓庫,墓庫,胎,帝旺,臨官,胎,衰,衰,病,長生,沐浴,病,養,養,絕,臨官,帝旺,絕,冠帶,冠帶,死,沐浴,長生,死,冠帶,冠帶
224,2024-09-30 00:00:00+08:00,21175.4,21488.8,20789.9,21133.7,1035706200,0,0,HSI,^HSI,14089311343661598117,2025-06-02 08:53:16.696166+08:00,庚子,丁酉,壬寅,乙巳,戊子,己未,甲寅,癸未,丁卯,丁申,丙子,己未,己酉,乙亥,癸卯,辛酉,庚午,丙寅,甲辰,戊申,2024,9,30,0,0,3,False,True,False,True,False,False,274,40,庚,子,-0.587785,-0.809017,0,1,丁,酉,0.951057,-0.309017,-1,-1.83697e-16,壬,寅,-0.951057,0.309017,0.866025,0.5,乙,巳,0.587785,0.809017,0.5,-0.866025,戊,子,0.587785,-0.809017,0,1,己,未,1.22465e-16,-1,-0.5,-0.866025,甲,寅,0,1,0.866025,0.5,癸,未,-0.587785,0.809017,-0.5,-0.866025,己,酉,1.22465e-16,-1,-1,-1.83697e-16,乙,亥,0.587785,0.809017,-0.5,0.866025,癸,卯,-0.587785,0.809017,1,6.12323e-17,辛,酉,-0.951057,-0.309017,-1,-1.83697e-16,庚,午,-0.587785,-0.809017,1.22465e-16,-1,丙,寅,0.951057,0.309017,0.866025,0.5,甲,辰,0,1,0.866025,-0.5,戊,申,0.587785,-0.809017,-0.866025,-0.5,長生,臨官,死,長生,衰,衰,臨官,病,胎,臨官,墓庫,墓庫,胎,死,臨官,胎,衰,衰,病,絕,沐浴,病,養,養,絕,長生,帝旺,絕,冠帶,冠帶,死,帝旺,長生,死,冠帶,冠帶
225,2024-10-02 00:00:00+08:00,21289.6,22667.7,21289.6,22443.7,7696286600,0,0,HSI,^HSI,15434664047027384512,2025-06-02 08:53:16.696166+08:00,甲子,己亥,甲辰,己巳,戊子,己未,甲寅,癸未,辛卯,己戌,丁子,己未,己酉,乙亥,癸卯,辛酉,庚午,丙寅,甲辰,戊申,2024,10,2,0,2,4,False,False,False,False,False,False,276,40,甲,子,0,1,0,1,己,亥,1.22465e-16,-1,-0.5,0.866025,甲,辰,0,1,0.866025,-0.5,己,巳,1.22465e-16,-1,0.5,-0.866025,戊,子,0.587785,-0.809017,0,1,己,未,1.22465e-16,-1,-0.5,-0.866025,甲,寅,0,1,0.866025,0.5,癸,未,-0.587785,0.809017,-0.5,-0.866025,己,酉,1.22465e-16,-1,-1,-1.83697e-16,乙,亥,0.587785,0.809017,-0.5,0.866025,癸,卯,-0.587785,0.809017,1,6.12323e-17,辛,酉,-0.951057,-0.309017,-1,-1.83697e-16,庚,午,-0.587785,-0.809017,1.22465e-16,-1,丙,寅,0.951057,0.309017,0.866025,0.5,甲,辰,0,1,0.866025,-0.5,戊,申,0.587785,-0.809017,-0.866025,-0.5,長生,沐浴,死,長生,衰,衰,臨官,帝旺,胎,臨官,墓庫,墓庫,胎,絕,臨官,胎,衰,衰,病,死,沐浴,病,養,養,絕,胎,帝旺,絕,冠帶,冠帶,死,病,長生,死,冠帶,冠帶
226,2024-10-03 00:00:00+08:00,22484,22484,21442.2,22113.5,4942180900,0,0,HSI,^HSI,12515753558941005657,2025-06-02 08:53:16.696166+08:00,丙子,庚子,乙巳,辛巳,戊子,己未,甲寅,癸未,癸卯,庚亥,丁子,己申,己酉,乙亥,癸卯,辛酉,庚午,丙寅,甲辰,戊申,2024,10,3,0,3,4,False,False,False,False,False,False,277,40,丙,子,0.951057,0.309017,0,1,庚,子,-0.587785,-0.809017,0,1,乙,巳,0.587785,0.809017,0.5,-0.866025,辛,巳,-0.951057,-0.309017,0.5,-0.866025,戊,子,0.587785,-0.809017,0,1,己,未,1.22465e-16,-1,-0.5,-0.866025,甲,寅,0,1,0.866025,0.5,癸,未,-0.587785,0.809017,-0.5,-0.866025,己,酉,1.22465e-16,-1,-1,-1.83697e-16,乙,亥,0.587785,0.809017,-0.5,0.866025,癸,卯,-0.587785,0.809017,1,6.12323e-17,辛,酉,-0.951057,-0.309017,-1,-1.83697e-16,庚,午,-0.587785,-0.809017,1.22465e-16,-1,丙,寅,0.951057,0.309017,0.866025,0.5,甲,辰,0,1,0.866025,-0.5,戊,申,0.587785,-0.809017,-0.866025,-0.5,長生,長生,死,長生,衰,衰,臨官,臨官,胎,臨官,墓庫,墓庫,胎,胎,臨官,胎,衰,衰,病,病,沐浴,病,養,養,絕,絕,帝旺,絕,冠帶,冠帶,死,死,長生,死,冠帶,冠帶
227,2024-10-04 00:00:00+08:00,22015.1,22742.4,21824.7,22736.9,4619951200,0,0,HSI,^HSI,14389913756593970402,2025-06-02 08:53:16.696166+08:00,戊子,辛丑,丙午,癸巳,戊子,己未,甲寅,癸未,乙卯,辛子,丁子,己申,己酉,乙亥,癸卯,辛酉,庚午,丙寅,甲辰,戊申,2024,10,4,0,4,4,False,False,False,False,False,False,278,40,戊,子,0.587785,-0.809017,0,1,辛,丑,-0.951057,-0.309017,0.5,0.866025,丙,午,0.951057,0.309017,1.22465e-16,-1,癸,巳,-0.587785,0.809017,0.5,-0.866025,戊,子,0.587785,-0.809017,0,1,己,未,1.22465e-16,-1,-0.5,-0.866025,甲,寅,0,1,0.866025,0.5,癸,未,-0.587785,0.809017,-0.5,-0.866025,己,酉,1.22465e-16,-1,-1,-1.83697e-16,乙,亥,0.587785,0.809017,-0.5,0.866025,癸,卯,-0.587785,0.809017,1,6.12323e-17,辛,酉,-0.951057,-0.309017,-1,-1.83697e-16,庚,午,-0.587785,-0.809017,1.22465e-16,-1,丙,寅,0.951057,0.309017,0.866025,0.5,甲,辰,0,1,0.866025,-0.5,戊,申,0.587785,-0.809017,-0.866025,-0.5,長生,養,死,長生,衰,衰,臨官,冠帶,胎,臨官,墓庫,墓庫,胎,養,臨官,胎,衰,衰,病,衰,沐浴,病,養,養,絕,墓庫,帝旺,絕,冠帶,冠帶,死,墓庫,長生,死,冠帶,冠帶
228,2024-10-07 00:00:00+08:00,22948.3,23241.7,22719.9,23099.8,5098400000,0,0,HSI,^HSI,3681606451785672761,2025-06-02 08:53:16.696166+08:00,甲子,甲辰,己酉,己巳,戊子,己未,甲寅,癸未,辛卯,甲卯,壬子,己申,己酉,乙亥,癸卯,辛酉,庚午,丙寅,甲辰,戊申,2024,10,7,0,0,4,False,False,False,False,False,False,281,41,甲,子,0,1,0,1,甲,辰,0,1,0.866025,-0.5,己,酉,1.22465e-16,-1,-1,-1.83697e-16,己,巳,1.22465e-16,-1,0.5,-0.866025,戊,子,0.587785,-0.809017,0,1,己,未,1.22465e-16,-1,-0.5,-0.866025,甲,寅,0,1,0.866025,0.5,癸,未,-0.587785,0.809017,-0.5,-0.866025,己,酉,1.22465e-16,-1,-1,-1.83697e-16,乙,亥,0.587785,0.809017,-0.5,0.866025,癸,卯,-0.587785,0.809017,1,6.12323e-17,辛,酉,-0.951057,-0.309017,-1,-1.83697e-16,庚,午,-0.587785,-0.809017,1.22465e-16,-1,丙,寅,0.951057,0.309017,0.866025,0.5,甲,辰,0,1,0.866025,-0.5,戊,申,0.587785,-0.809017,-0.866025,-0.5,長生,墓庫,死,長生,衰,衰,臨官,養,胎,臨官,墓庫,墓庫,胎,冠帶,臨官,胎,衰,衰,病,冠帶,沐浴,病,養,養,絕,衰,帝旺,絕,冠帶,冠帶,死,養,長生,死,冠帶,冠帶
229,2024-10-08 00:00:00+08:00,22849.2,22902.4,20762.8,20926.8,11257900000,0,0,HSI,^HSI,711914935154736782,2025-06-02 08:53:16.696166+08:00,丙子,乙巳,庚戌,辛巳,戊子,己未,甲寅,癸未,癸卯,乙辰,壬子,己申,己酉,乙亥,癸卯,辛酉,庚午,丙寅,甲辰,戊申,2024,10,8,0,1,4,False,False,False,False,False,False,282,41,丙,子,0.951057,0.309017,0,1,乙,巳,0.587785,0.809017,0.5,-0.866025,庚,戌,-0.587785,-0.809017,-0.866025,0.5,辛,巳,-0.951057,-0.309017,0.5,-0.866025,戊,子,0.587785,-0.809017,0,1,己,未,1.22465e-16,-1,-0.5,-0.866025,甲,寅,0,1,0.866025,0.5,癸,未,-0.587785,0.809017,-0.5,-0.866025,己,酉,1.22465e-16,-1,-1,-1.83697e-16,乙,亥,0.587785,0.809017,-0.5,0.866025,癸,卯,-0.587785,0.809017,1,6.12323e-17,辛,酉,-0.951057,-0.309017,-1,-1.83697e-16,庚,午,-0.587785,-0.809017,1.22465e-16,-1,丙,寅,0.951057,0.309017,0.866025,0.5,甲,辰,0,1,0.866025,-0.5,戊,申,0.587785,-0.809017,-0.866025,-0.5,長生,死,死,長生,衰,衰,臨官,胎,胎,臨官,墓庫,墓庫,胎,臨官,臨官,胎,衰,衰,病,沐浴,沐浴,病,養,養,絕,帝旺,帝旺,絕,冠帶,冠帶,死,長生,長生,死,冠帶,冠帶
230,2024-10-09 00:00:00+08:00,21290,21417.8,20190.5,20637.2,7953600000,0,0,HSI,^HSI,8773926033497172286,2025-06-02 08:53:16.696166+08:00,戊子,丙午,辛亥,癸巳,甲戌,己未,甲寅,己巳,乙卯,丙巳,甲戌,己申,己酉,乙亥,癸卯,辛酉,庚午,丙寅,甲辰,戊申,2024,10,9,0,2,4,False,False,False,False,False,False,283,41,戊,子,0.587785,-0.809017,0,1,丙,午,0.951057,0.309017,1.22465e-16,-1,辛,亥,-0.951057,-0.309017,-0.5,0.866025,癸,巳,-0.587785,0.809017,0.5,-0.866025,甲,戌,0,1,-0.866025,0.5,己,未,1.22465e-16,-1,-0.5,-0.866025,甲,寅,0,1,0.866025,0.5,己,巳,1.22465e-16,-1,0.5,-0.866025,己,酉,1.22465e-16,-1,-1,-1.83697e-16,乙,亥,0.587785,0.809017,-0.5,0.866025,癸,卯,-0.587785,0.809017,1,6.12323e-17,辛,酉,-0.951057,-0.309017,-1,-1.83697e-16,庚,午,-0.587785,-0.809017,1.22465e-16,-1,丙,寅,0.951057,0.309017,0.866025,0.5,甲,辰,0,1,0.866025,-0.5,戊,申,0.587785,-0.809017,-0.866025,-0.5,長生,病,死,冠帶,衰,死,臨官,絕,胎,衰,墓庫,胎,胎,帝旺,臨官,墓庫,衰,臨官,病,長生,沐浴,墓庫,養,沐浴,絕,臨官,帝旺,養,冠帶,帝旺,死,沐浴,長生,衰,冠帶,長生
231,2024-10-10 00:00:00+08:00,21046,21622.7,20983.9,21252,6039900000,0,0,HSI,^HSI,10899272516625912772,2025-06-02 08:53:16.696166+08:00,庚子,丁未,壬子,乙巳,甲戌,己未,甲寅,己巳,丁卯,丁午,甲戌,己申,己酉,乙亥,癸卯,辛酉,庚午,丙寅,甲辰,戊申,2024,10,10,0,3,4,False,False,False,False,False,False,284,41,庚,子,-0.587785,-0.809017,0,1,丁,未,0.951057,-0.309017,-0.5,-0.866025,壬,子,-0.951057,0.309017,0,1,乙,巳,0.587785,0.809017,0.5,-0.866025,甲,戌,0,1,-0.866025,0.5,己,未,1.22465e-16,-1,-0.5,-0.866025,甲,寅,0,1,0.866025,0.5,己,巳,1.22465e-16,-1,0.5,-0.866025,己,酉,1.22465e-16,-1,-1,-1.83697e-16,乙,亥,0.587785,0.809017,-0.5,0.866025,癸,卯,-0.587785,0.809017,1,6.12323e-17,辛,酉,-0.951057,-0.309017,-1,-1.83697e-16,庚,午,-0.587785,-0.809017,1.22465e-16,-1,丙,寅,0.951057,0.309017,0.866025,0.5,甲,辰,0,1,0.866025,-0.5,戊,申,0.587785,-0.809017,-0.866025,-0.5,長生,衰,死,冠帶,衰,死,臨官,墓庫,胎,衰,墓庫,胎,胎,衰,臨官,墓庫,衰,臨官,病,養,沐浴,墓庫,養,沐浴,絕,冠帶,帝旺,養,冠帶,帝旺,死,冠帶,長生,衰,冠帶,長生
232,2024-10-14 00:00:00+08:00,21228.7,21348.9,20693.8,21092.9,5743300000,0,0,HSI,^HSI,3499102345379538325,2025-06-02 08:53:16.696166+08:00,戊子,辛亥,丙辰,癸巳,甲戌,己未,甲寅,己巳,乙卯,辛戌,己戌,己申,己酉,乙亥,癸卯,辛酉,庚午,丙寅,甲辰,戊申,2024,10,14,0,0,4,False,False,False,False,False,False,288,42,戊,子,0.587785,-0.809017,0,1,辛,亥,-0.951057,-0.309017,-0.5,0.866025,丙,辰,0.951057,0.309017,0.866025,-0.5,癸,巳,-0.587785,0.809017,0.5,-0.866025,甲,戌,0,1,-0.866025,0.5,己,未,1.22465e-16,-1,-0.5,-0.866025,甲,寅,0,1,0.866025,0.5,己,巳,1.22465e-16,-1,0.5,-0.866025,己,酉,1.22465e-16,-1,-1,-1.83697e-16,乙,亥,0.587785,0.809017,-0.5,0.866025,癸,卯,-0.587785,0.809017,1,6.12323e-17,辛,酉,-0.951057,-0.309017,-1,-1.83697e-16,庚,午,-0.587785,-0.809017,1.22465e-16,-1,丙,寅,0.951057,0.309017,0.866025,0.5,甲,辰,0,1,0.866025,-0.5,戊,申,0.587785,-0.809017,-0.866025,-0.5,長生,沐浴,死,冠帶,衰,死,臨官,帝旺,胎,衰,墓庫,胎,胎,絕,臨官,墓庫,衰,臨官,病,死,沐浴,墓庫,養,沐浴,絕,胎,帝旺,養,冠帶,帝旺,死,病,長生,衰,冠帶,長生
233,2024-10-15 00:00:00+08:00,21046.2,21095,20154.7,20318.8,4906400000,0,0,HSI,^HSI,15844969716534305095,2025-06-02 08:53:16.696166+08:00,庚子,壬子,丁巳,乙巳,甲戌,己未,甲寅,己巳,丁卯,壬亥,庚戌,己申,己酉,乙亥,癸卯,辛酉,庚午,丙寅,甲辰,戊申,2024,10,15,0,1,4,False,False,False,False,False,False,289,42,庚,子,-0.587785,-0.809017,0,1,壬,子,-0.951057,0.309017,0,1,丁,巳,0.951057,-0.309017,0.5,-0.866025,乙,巳,0.587785,0.809017,0.5,-0.866025,甲,戌,0,1,-0.866025,0.5,己,未,1.22465e-16,-1,-0.5,-0.866025,甲,寅,0,1,0.866025,0.5,己,巳,1.22465e-16,-1,0.5,-0.866025,己,酉,1.22465e-16,-1,-1,-1.83697e-16,乙,亥,0.587785,0.809017,-0.5,0.866025,癸,卯,-0.587785,0.809017,1,6.12323e-17,辛,酉,-0.951057,-0.309017,-1,-1.83697e-16,庚,午,-0.587785,-0.809017,1.22465e-16,-1,丙,寅,0.951057,0.309017,0.866025,0.5,甲,辰,0,1,0.866025,-0.5,戊,申,0.587785,-0.809017,-0.866025,-0.5,長生,長生,死,冠帶,衰,死,臨官,臨官,胎,衰,墓庫,胎,胎,胎,臨官,墓庫,衰,臨官,病,病,沐浴,墓庫,養,沐浴,絕,絕,帝旺,養,冠帶,帝旺,死,死,長生,衰,冠帶,長生
234,2024-10-16 00:00:00+08:00,20144.8,20548.2,20131.3,20286.8,4158700000,0,0,HSI,^HSI,11223151344605009304,2025-06-02 08:53:16.696166+08:00,壬子,癸丑,戊午,丁巳,甲戌,己未,甲寅,己巳,己卯,癸子,庚戌,己申,己酉,乙亥,癸卯,辛酉,庚午,丙寅,甲辰,戊申,2024,10,16,0,2,4,False,False,False,False,False,False,290,42,壬,子,-0.951057,0.309017,0,1,癸,丑,-0.587785,0.809017,0.5,0.866025,戊,午,0.587785,-0.809017,1.22465e-16,-1,丁,巳,0.951057,-0.309017,0.5,-0.866025,甲,戌,0,1,-0.866025,0.5,己,未,1.22465e-16,-1,-0.5,-0.866025,甲,寅,0,1,0.866025,0.5,己,巳,1.22465e-16,-1,0.5,-0.866025,己,酉,1.22465e-16,-1,-1,-1.83697e-16,乙,亥,0.587785,0.809017,-0.5,0.866025,癸,卯,-0.587785,0.809017,1,6.12323e-17,辛,酉,-0.951057,-0.309017,-1,-1.83697e-16,庚,午,-0.587785,-0.809017,1.22465e-16,-1,丙,寅,0.951057,0.309017,0.866025,0.5,甲,辰,0,1,0.866025,-0.5,戊,申,0.587785,-0.809017,-0.866025,-0.5,長生,養,死,冠帶,衰,死,臨官,冠帶,胎,衰,墓庫,胎,胎,養,臨官,墓庫,衰,臨官,病,衰,沐浴,墓庫,養,沐浴,絕,墓庫,帝旺,養,冠帶,帝旺,死,墓庫,長生,衰,冠帶,長生
235,2024-10-17 00:00:00+08:00,20472,20783.3,19977.3,20079.1,3646900000,0,0,HSI,^HSI,17967252717712601025,2025-06-02 08:53:16.696166+08:00,甲子,甲寅,己未,己巳,甲戌,己未,甲寅,己巳,辛卯,甲丑,庚戌,己申,己酉,乙亥,癸卯,辛酉,庚午,丙寅,甲辰,戊申,2024,10,17,0,3,4,False,False,False,False,False,False,291,42,甲,子,0,1,0,1,甲,寅,0,1,0.866025,0.5,己,未,1.22465e-16,-1,-0.5,-0.866025,己,巳,1.22465e-16,-1,0.5,-0.866025,甲,戌,0,1,-0.866025,0.5,己,未,1.22465e-16,-1,-0.5,-0.866025,甲,寅,0,1,0.866025,0.5,己,巳,1.22465e-16,-1,0.5,-0.866025,己,酉,1.22465e-16,-1,-1,-1.83697e-16,乙,亥,0.587785,0.809017,-0.5,0.866025,癸,卯,-0.587785,0.809017,1,6.12323e-17,辛,酉,-0.951057,-0.309017,-1,-1.83697e-16,庚,午,-0.587785,-0.809017,1.22465e-16,-1,丙,寅,0.951057,0.309017,0.866025,0.5,甲,辰,0,1,0.866025,-0.5,戊,申,0.587785,-0.809017,-0.866025,-0.5,長生,胎,死,冠帶,衰,死,臨官,沐浴,胎,衰,墓庫,胎,胎,長生,臨官,墓庫,衰,臨官,病,帝旺,沐浴,墓庫,養,沐浴,絕,死,帝旺,養,冠帶,帝旺,死,絕,長生,衰,冠帶,長生
236,2024-10-18 00:00:00+08:00,20106.7,20953,20058.7,20804.1,4586200000,0,0,HSI,^HSI,12322993487090172909,2025-06-02 08:53:16.696166+08:00,丙子,乙卯,庚申,辛巳,甲戌,己未,甲寅,己巳,癸卯,乙寅,乙戌,己申,己酉,乙亥,癸卯,辛酉,庚午,丙寅,甲辰,戊申,2024,10,18,0,4,4,False,False,False,False,False,False,292,42,丙,子,0.951057,0.309017,0,1,乙,卯,0.587785,0.809017,1,6.12323e-17,庚,申,-0.587785,-0.809017,-0.866025,-0.5,辛,巳,-0.951057,-0.309017,0.5,-0.866025,甲,戌,0,1,-0.866025,0.5,己,未,1.22465e-16,-1,-0.5,-0.866025,甲,寅,0,1,0.866025,0.5,己,巳,1.22465e-16,-1,0.5,-0.866025,己,酉,1.22465e-16,-1,-1,-1.83697e-16,乙,亥,0.587785,0.809017,-0.5,0.866025,癸,卯,-0.587785,0.809017,1,6.12323e-17,辛,酉,-0.951057,-0.309017,-1,-1.83697e-16,庚,午,-0.587785,-0.809017,1.22465e-16,-1,丙,寅,0.951057,0.309017,0.866025,0.5,甲,辰,0,1,0.866025,-0.5,戊,申,0.587785,-0.809017,-0.866025,-0.5,長生,絕,死,冠帶,衰,死,臨官,長生,胎,衰,墓庫,胎,胎,沐浴,臨官,墓庫,衰,臨官,病,臨官,沐浴,墓庫,養,沐浴,絕,病,帝旺,養,冠帶,帝旺,死,胎,長生,衰,冠帶,長生
237,2024-10-21 00:00:00+08:00,20730.9,20845.6,20423.1,20478.5,3775000000,0,0,HSI,^HSI,14395949547578562605,2025-06-02 08:53:16.696166+08:00,壬子,戊午,癸亥,丁巳,甲戌,己未,甲寅,己巳,己卯,戊巳,丙戌,己申,己酉,乙亥,癸卯,辛酉,庚午,丙寅,甲辰,戊申,2024,10,21,0,0,4,False,False,False,False,False,False,295,43,壬,子,-0.951057,0.309017,0,1,戊,午,0.587785,-0.809017,1.22465e-16,-1,癸,亥,-0.587785,0.809017,-0.5,0.866025,丁,巳,0.951057,-0.309017,0.5,-0.866025,甲,戌,0,1,-0.866025,0.5,己,未,1.22465e-16,-1,-0.5,-0.866025,甲,寅,0,1,0.866025,0.5,己,巳,1.22465e-16,-1,0.5,-0.866025,己,酉,1.22465e-16,-1,-1,-1.83697e-16,乙,亥,0.587785,0.809017,-0.5,0.866025,癸,卯,-0.587785,0.809017,1,6.12323e-17,辛,酉,-0.951057,-0.309017,-1,-1.83697e-16,庚,午,-0.587785,-0.809017,1.22465e-16,-1,丙,寅,0.951057,0.309017,0.866025,0.5,甲,辰,0,1,0.866025,-0.5,戊,申,0.587785,-0.809017,-0.866025,-0.5,長生,病,死,冠帶,衰,死,臨官,絕,胎,衰,墓庫,胎,胎,帝旺,臨官,墓庫,衰,臨官,病,長生,沐浴,墓庫,養,沐浴,絕,臨官,帝旺,養,冠帶,帝旺,死,沐浴,長生,衰,冠帶,長生
238,2024-10-22 00:00:00+08:00,20433.5,20629.5,20380,20498.9,2556600000,0,0,HSI,^HSI,17850195823345259845,2025-06-02 08:53:16.696166+08:00,甲子,己未,甲子,己巳,甲戌,己未,甲寅,己巳,辛卯,己午,丙戌,己申,己酉,乙亥,癸卯,辛酉,庚午,丙寅,甲辰,戊申,2024,10,22,0,1,4,False,False,False,False,False,False,296,43,甲,子,0,1,0,1,己,未,1.22465e-16,-1,-0.5,-0.866025,甲,子,0,1,0,1,己,巳,1.22465e-16,-1,0.5,-0.866025,甲,戌,0,1,-0.866025,0.5,己,未,1.22465e-16,-1,-0.5,-0.866025,甲,寅,0,1,0.866025,0.5,己,巳,1.22465e-16,-1,0.5,-0.866025,己,酉,1.22465e-16,-1,-1,-1.83697e-16,乙,亥,0.587785,0.809017,-0.5,0.866025,癸,卯,-0.587785,0.809017,1,6.12323e-17,辛,酉,-0.951057,-0.309017,-1,-1.83697e-16,庚,午,-0.587785,-0.809017,1.22465e-16,-1,丙,寅,0.951057,0.309017,0.866025,0.5,甲,辰,0,1,0.866025,-0.5,戊,申,0.587785,-0.809017,-0.866025,-0.5,長生,衰,死,冠帶,衰,死,臨官,墓庫,胎,衰,墓庫,胎,胎,衰,臨官,墓庫,衰,臨官,病,養,沐浴,墓庫,養,沐浴,絕,冠帶,帝旺,養,冠帶,帝旺,死,冠帶,長生,衰,冠帶,長生
239,2024-10-23 00:00:00+08:00,20525.4,20942.3,20448.8,20760.2,3542000000,0,0,HSI,^HSI,13559219266951571175,2025-06-02 08:53:16.696166+08:00,丙子,庚申,乙丑,辛巳,甲戌,己未,甲寅,己巳,癸卯,庚未,丙戌,己申,己酉,乙亥,癸卯,辛酉,庚午,丙寅,甲辰,戊申,2024,10,23,0,2,4,False,False,False,False,False,False,297,43,丙,子,0.951057,0.309017,0,1,庚,申,-0.587785,-0.809017,-0.866025,-0.5,乙,丑,0.587785,0.809017,0.5,0.866025,辛,巳,-0.951057,-0.309017,0.5,-0.866025,甲,戌,0,1,-0.866025,0.5,己,未,1.22465e-16,-1,-0.5,-0.866025,甲,寅,0,1,0.866025,0.5,己,巳,1.22465e-16,-1,0.5,-0.866025,己,酉,1.22465e-16,-1,-1,-1.83697e-16,乙,亥,0.587785,0.809017,-0.5,0.866025,癸,卯,-0.587785,0.809017,1,6.12323e-17,辛,酉,-0.951057,-0.309017,-1,-1.83697e-16,庚,午,-0.587785,-0.809017,1.22465e-16,-1,丙,寅,0.951057,0.309017,0.866025,0.5,甲,辰,0,1,0.866025,-0.5,戊,申,0.587785,-0.809017,-0.866025,-0.5,長生,帝旺,死,冠帶,衰,死,臨官,死,胎,衰,墓庫,胎,胎,病,臨官,墓庫,衰,臨官,病,胎,沐浴,墓庫,養,沐浴,絕,沐浴,帝旺,養,冠帶,帝旺,死,臨官,長生,衰,冠帶,長生
240,2024-10-24 00:00:00+08:00,20576.1,20685.5,20448.5,20489.6,2725600000,0,0,HSI,^HSI,5872155460079925816,2025-06-02 08:53:16.696166+08:00,戊子,辛酉,丙寅,癸巳,己丑,己未,甲寅,甲申,乙卯,辛申,辛丑,己申,己酉,乙亥,癸卯,辛酉,庚午,丙寅,甲辰,戊申,2024,10,24,0,3,4,False,False,False,False,False,False,298,43,戊,子,0.587785,-0.809017,0,1,辛,酉,-0.951057,-0.309017,-1,-1.83697e-16,丙,寅,0.951057,0.309017,0.866025,0.5,癸,巳,-0.587785,0.809017,0.5,-0.866025,己,丑,1.22465e-16,-1,0.5,0.866025,己,未,1.22465e-16,-1,-0.5,-0.866025,甲,寅,0,1,0.866025,0.5,甲,申,0,1,-0.866025,-0.5,己,酉,1.22465e-16,-1,-1,-1.83697e-16,乙,亥,0.587785,0.809017,-0.5,0.866025,癸,卯,-0.587785,0.809017,1,6.12323e-17,辛,酉,-0.951057,-0.309017,-1,-1.83697e-16,庚,午,-0.587785,-0.809017,1.22465e-16,-1,丙,寅,0.951057,0.309017,0.866025,0.5,甲,辰,0,1,0.866025,-0.5,戊,申,0.587785,-0.809017,-0.866025,-0.5,長生,臨官,死,養,衰,帝旺,臨官,病,胎,冠帶,墓庫,死,胎,死,臨官,養,衰,病,病,絕,沐浴,衰,養,胎,絕,長生,帝旺,墓庫,冠帶,沐浴,死,帝旺,長生,墓庫,冠帶,臨官
241,2024-10-25 00:00:00+08:00,20521.9,20784.5,20521.9,20590.2,2984600000,0,0,HSI,^HSI,13496493775993885271,2025-06-02 08:53:16.696166+08:00,庚子,壬戌,丁卯,乙巳,己丑,己未,甲寅,甲申,丁卯,壬酉,辛丑,己申,己酉,乙亥,癸卯,辛酉,庚午,丙寅,甲辰,戊申,2024,10,25,0,4,4,False,False,False,False,False,False,299,43,庚,子,-0.587785,-0.809017,0,1,壬,戌,-0.951057,0.309017,-0.866025,0.5,丁,卯,0.951057,-0.309017,1,6.12323e-17,乙,巳,0.587785,0.809017,0.5,-0.866025,己,丑,1.22465e-16,-1,0.5,0.866025,己,未,1.22465e-16,-1,-0.5,-0.866025,甲,寅,0,1,0.866025,0.5,甲,申,0,1,-0.866025,-0.5,己,酉,1.22465e-16,-1,-1,-1.83697e-16,乙,亥,0.587785,0.809017,-0.5,0.866025,癸,卯,-0.587785,0.809017,1,6.12323e-17,辛,酉,-0.951057,-0.309017,-1,-1.83697e-16,庚,午,-0.587785,-0.809017,1.22465e-16,-1,丙,寅,0.951057,0.309017,0.866025,0.5,甲,辰,0,1,0.866025,-0.5,戊,申,0.587785,-0.809017,-0.866025,-0.5,長生,冠帶,死,養,衰,帝旺,臨官,衰,胎,冠帶,墓庫,死,胎,墓庫,臨官,養,衰,病,病,墓庫,沐浴,衰,養,胎,絕,養,帝旺,墓庫,冠帶,沐浴,死,衰,長生,墓庫,冠帶,臨官
242,2024-10-28 00:00:00+08:00,20592.7,20669.4,20428.9,20599.4,2978600000,0,0,HSI,^HSI,13917398060474348598,2025-06-02 08:53:16.696166+08:00,丙子,乙丑,庚午,辛巳,己丑,己未,甲寅,甲申,癸卯,乙子,壬丑,己申,己酉,乙亥,癸卯,辛酉,庚午,丙寅,甲辰,戊申,2024,10,28,0,0,4,False,False,False,False,False,False,302,44,丙,子,0.951057,0.309017,0,1,乙,丑,0.587785,0.809017,0.5,0.866025,庚,午,-0.587785,-0.809017,1.22465e-16,-1,辛,巳,-0.951057,-0.309017,0.5,-0.866025,己,丑,1.22465e-16,-1,0.5,0.866025,己,未,1.22465e-16,-1,-0.5,-0.866025,甲,寅,0,1,0.866025,0.5,甲,申,0,1,-0.866025,-0.5,己,酉,1.22465e-16,-1,-1,-1.83697e-16,乙,亥,0.587785,0.809017,-0.5,0.866025,癸,卯,-0.587785,0.809017,1,6.12323e-17,辛,酉,-0.951057,-0.309017,-1,-1.83697e-16,庚,午,-0.587785,-0.809017,1.22465e-16,-1,丙,寅,0.951057,0.309017,0.866025,0.5,甲,辰,0,1,0.866025,-0.5,戊,申,0.587785,-0.809017,-0.866025,-0.5,長生,養,死,養,衰,帝旺,臨官,冠帶,胎,冠帶,墓庫,死,胎,養,臨官,養,衰,病,病,衰,沐浴,衰,養,胎,絕,墓庫,帝旺,墓庫,冠帶,沐浴,死,墓庫,長生,墓庫,冠帶,臨官
243,2024-10-29 00:00:00+08:00,20730,20890.1,20563.7,20701.1,3137700000,0,0,HSI,^HSI,3134112485250104644,2025-06-02 08:53:16.696166+08:00,戊子,丙寅,辛未,癸巳,己丑,己未,甲寅,甲申,乙卯,丙丑,壬丑,己申,己酉,乙亥,癸卯,辛酉,庚午,丙寅,甲辰,戊申,2024,10,29,0,1,4,False,False,False,False,False,False,303,44,戊,子,0.587785,-0.809017,0,1,丙,寅,0.951057,0.309017,0.866025,0.5,辛,未,-0.951057,-0.309017,-0.5,-0.866025,癸,巳,-0.587785,0.809017,0.5,-0.866025,己,丑,1.22465e-16,-1,0.5,0.866025,己,未,1.22465e-16,-1,-0.5,-0.866025,甲,寅,0,1,0.866025,0.5,甲,申,0,1,-0.866025,-0.5,己,酉,1.22465e-16,-1,-1,-1.83697e-16,乙,亥,0.587785,0.809017,-0.5,0.866025,癸,卯,-0.587785,0.809017,1,6.12323e-17,辛,酉,-0.951057,-0.309017,-1,-1.83697e-16,庚,午,-0.587785,-0.809017,1.22465e-16,-1,丙,寅,0.951057,0.309017,0.866025,0.5,甲,辰,0,1,0.866025,-0.5,戊,申,0.587785,-0.809017,-0.866025,-0.5,長生,胎,死,養,衰,帝旺,臨官,沐浴,胎,冠帶,墓庫,死,胎,長生,臨官,養,衰,病,病,帝旺,沐浴,衰,養,胎,絕,死,帝旺,墓庫,冠帶,沐浴,死,絕,長生,墓庫,冠帶,臨官
244,2024-10-30 00:00:00+08:00,20586.6,20681.5,20270.1,20380.6,3626500000,0,0,HSI,^HSI,6938519243787290620,2025-06-02 08:53:16.696166+08:00,庚子,丁卯,壬申,乙巳,己丑,己未,甲寅,甲申,丁卯,丁寅,丁丑,己申,己酉,乙亥,癸卯,辛酉,庚午,丙寅,甲辰,戊申,2024,10,30,0,2,4,False,False,False,False,False,False,304,44,庚,子,-0.587785,-0.809017,0,1,丁,卯,0.951057,-0.309017,1,6.12323e-17,壬,申,-0.951057,0.309017,-0.866025,-0.5,乙,巳,0.587785,0.809017,0.5,-0.866025,己,丑,1.22465e-16,-1,0.5,0.866025,己,未,1.22465e-16,-1,-0.5,-0.866025,甲,寅,0,1,0.866025,0.5,甲,申,0,1,-0.866025,-0.5,己,酉,1.22465e-16,-1,-1,-1.83697e-16,乙,亥,0.587785,0.809017,-0.5,0.866025,癸,卯,-0.587785,0.809017,1,6.12323e-17,辛,酉,-0.951057,-0.309017,-1,-1.83697e-16,庚,午,-0.587785,-0.809017,1.22465e-16,-1,丙,寅,0.951057,0.309017,0.866025,0.5,甲,辰,0,1,0.866025,-0.5,戊,申,0.587785,-0.809017,-0.866025,-0.5,長生,絕,死,養,衰,帝旺,臨官,長生,胎,冠帶,墓庫,死,胎,沐浴,臨官,養,衰,病,病,臨官,沐浴,衰,養,胎,絕,病,帝旺,墓庫,冠帶,沐浴,死,胎,長生,墓庫,冠帶,臨官
245,2024-10-31 00:00:00+08:00,20414.2,20553.3,20317.3,20317.3,3238200000,0,0,HSI,^HSI,1775494818294307152,2025-06-02 08:53:16.696166+08:00,壬子,戊辰,癸酉,丁巳,己丑,己未,甲寅,甲申,己卯,戊卯,丁丑,己申,己酉,乙亥,癸卯,辛酉,庚午,丙寅,甲辰,戊申,2024,10,31,0,3,4,False,True,False,False,False,False,305,44,壬,子,-0.951057,0.309017,0,1,戊,辰,0.587785,-0.809017,0.866025,-0.5,癸,酉,-0.587785,0.809017,-1,-1.83697e-16,丁,巳,0.951057,-0.309017,0.5,-0.866025,己,丑,1.22465e-16,-1,0.5,0.866025,己,未,1.22465e-16,-1,-0.5,-0.866025,甲,寅,0,1,0.866025,0.5,甲,申,0,1,-0.866025,-0.5,己,酉,1.22465e-16,-1,-1,-1.83697e-16,乙,亥,0.587785,0.809017,-0.5,0.866025,癸,卯,-0.587785,0.809017,1,6.12323e-17,辛,酉,-0.951057,-0.309017,-1,-1.83697e-16,庚,午,-0.587785,-0.809017,1.22465e-16,-1,丙,寅,0.951057,0.309017,0.866025,0.5,甲,辰,0,1,0.866025,-0.5,戊,申,0.587785,-0.809017,-0.866025,-0.5,長生,墓庫,死,養,衰,帝旺,臨官,養,胎,冠帶,墓庫,死,胎,冠帶,臨官,養,衰,病,病,冠帶,沐浴,衰,養,胎,絕,衰,帝旺,墓庫,冠帶,沐浴,死,養,長生,墓庫,冠帶,臨官
246,2024-11-01 00:00:00+08:00,20427.9,20667.2,20353.3,20506.4,3278800000,0,0,HSI,^HSI,444501477929819462,2025-06-02 08:53:16.696166+08:00,甲子,己巳,甲戌,己巳,己丑,己未,甲寅,甲申,辛卯,己辰,丁丑,己申,己酉,乙亥,癸卯,辛酉,庚午,丙寅,甲辰,戊申,2024,11,1,0,4,4,True,False,False,False,False,False,306,44,甲,子,0,1,0,1,己,巳,1.22465e-16,-1,0.5,-0.866025,甲,戌,0,1,-0.866025,0.5,己,巳,1.22465e-16,-1,0.5,-0.866025,己,丑,1.22465e-16,-1,0.5,0.866025,己,未,1.22465e-16,-1,-0.5,-0.866025,甲,寅,0,1,0.866025,0.5,甲,申,0,1,-0.866025,-0.5,己,酉,1.22465e-16,-1,-1,-1.83697e-16,乙,亥,0.587785,0.809017,-0.5,0.866025,癸,卯,-0.587785,0.809017,1,6.12323e-17,辛,酉,-0.951057,-0.309017,-1,-1.83697e-16,庚,午,-0.587785,-0.809017,1.22465e-16,-1,丙,寅,0.951057,0.309017,0.866025,0.5,甲,辰,0,1,0.866025,-0.5,戊,申,0.587785,-0.809017,-0.866025,-0.5,長生,死,死,養,衰,帝旺,臨官,胎,胎,冠帶,墓庫,死,胎,臨官,臨官,養,衰,病,病,沐浴,沐浴,衰,養,胎,絕,帝旺,帝旺,墓庫,冠帶,沐浴,死,長生,長生,墓庫,冠帶,臨官
247,2024-11-04 00:00:00+08:00,20584.4,20633.6,20446.3,20567.5,2463600000,0,0,HSI,^HSI,4255774422138040283,2025-06-02 08:53:16.696166+08:00,庚子,壬申,丁丑,乙巳,己丑,己未,甲寅,甲申,丁卯,壬未,戊丑,己申,己酉,乙亥,癸卯,辛酉,庚午,丙寅,甲辰,戊申,2024,11,4,0,0,4,False,False,False,False,False,False,309,45,庚,子,-0.587785,-0.809017,0,1,壬,申,-0.951057,0.309017,-0.866025,-0.5,丁,丑,0.951057,-0.309017,0.5,0.866025,乙,巳,0.587785,0.809017,0.5,-0.866025,己,丑,1.22465e-16,-1,0.5,0.866025,己,未,1.22465e-16,-1,-0.5,-0.866025,甲,寅,0,1,0.866025,0.5,甲,申,0,1,-0.866025,-0.5,己,酉,1.22465e-16,-1,-1,-1.83697e-16,乙,亥,0.587785,0.809017,-0.5,0.866025,癸,卯,-0.587785,0.809017,1,6.12323e-17,辛,酉,-0.951057,-0.309017,-1,-1.83697e-16,庚,午,-0.587785,-0.809017,1.22465e-16,-1,丙,寅,0.951057,0.309017,0.866025,0.5,甲,辰,0,1,0.866025,-0.5,戊,申,0.587785,-0.809017,-0.866025,-0.5,長生,帝旺,死,養,衰,帝旺,臨官,死,胎,冠帶,墓庫,死,胎,病,臨官,養,衰,病,病,胎,沐浴,衰,養,胎,絕,沐浴,帝旺,墓庫,冠帶,沐浴,死,臨官,長生,墓庫,冠帶,臨官
248,2024-11-05 00:00:00+08:00,20409.9,21007,20409.9,21007,3147300000,0,0,HSI,^HSI,2211421136623711434,2025-06-02 08:53:16.696166+08:00,壬子,癸酉,戊寅,丁巳,己丑,己未,甲寅,甲申,己卯,癸申,癸丑,己申,己酉,乙亥,癸卯,辛酉,庚午,丙寅,甲辰,戊申,2024,11,5,0,1,4,False,False,False,False,False,False,310,45,壬,子,-0.951057,0.309017,0,1,癸,酉,-0.587785,0.809017,-1,-1.83697e-16,戊,寅,0.587785,-0.809017,0.866025,0.5,丁,巳,0.951057,-0.309017,0.5,-0.866025,己,丑,1.22465e-16,-1,0.5,0.866025,己,未,1.22465e-16,-1,-0.5,-0.866025,甲,寅,0,1,0.866025,0.5,甲,申,0,1,-0.866025,-0.5,己,酉,1.22465e-16,-1,-1,-1.83697e-16,乙,亥,0.587785,0.809017,-0.5,0.866025,癸,卯,-0.587785,0.809017,1,6.12323e-17,辛,酉,-0.951057,-0.309017,-1,-1.83697e-16,庚,午,-0.587785,-0.809017,1.22465e-16,-1,丙,寅,0.951057,0.309017,0.866025,0.5,甲,辰,0,1,0.866025,-0.5,戊,申,0.587785,-0.809017,-0.866025,-0.5,長生,臨官,死,養,衰,帝旺,臨官,病,胎,冠帶,墓庫,死,胎,死,臨官,養,衰,病,病,絕,沐浴,衰,養,胎,絕,長生,帝旺,墓庫,冠帶,沐浴,死,帝旺,長生,墓庫,冠帶,臨官
249,2024-11-06 00:00:00+08:00,20791.8,20859.7,20361.9,20538.4,3903900000,0,0,HSI,^HSI,2391860273633711772,2025-06-02 08:53:16.696166+08:00,甲子,甲戌,己卯,己巳,己丑,己未,甲寅,甲申,辛卯,甲酉,癸丑,己申,己酉,乙亥,癸卯,辛酉,庚午,丙寅,甲辰,戊申,2024,11,6,0,2,4,False,False,False,False,False,False,311,45,甲,子,0,1,0,1,甲,戌,0,1,-0.866025,0.5,己,卯,1.22465e-16,-1,1,6.12323e-17,己,巳,1.22465e-16,-1,0.5,-0.866025,己,丑,1.22465e-16,-1,0.5,0.866025,己,未,1.22465e-16,-1,-0.5,-0.866025,甲,寅,0,1,0.866025,0.5,甲,申,0,1,-0.866025,-0.5,己,酉,1.22465e-16,-1,-1,-1.83697e-16,乙,亥,0.587785,0.809017,-0.5,0.866025,癸,卯,-0.587785,0.809017,1,6.12323e-17,辛,酉,-0.951057,-0.309017,-1,-1.83697e-16,庚,午,-0.587785,-0.809017,1.22465e-16,-1,丙,寅,0.951057,0.309017,0.866025,0.5,甲,辰,0,1,0.866025,-0.5,戊,申,0.587785,-0.809017,-0.866025,-0.5,長生,冠帶,死,養,衰,帝旺,臨官,衰,胎,冠帶,墓庫,死,胎,墓庫,臨官,養,衰,病,病,墓庫,沐浴,衰,養,胎,絕,養,帝旺,墓庫,冠帶,沐浴,死,衰,長生,墓庫,冠帶,臨官
250,2024-11-07 00:00:00+08:00,20386.4,20986.3,20370.4,20953.3,4317500000,0,0,HSI,^HSI,4960790339122263323,2025-06-02 08:53:16.696166+08:00,丙子,乙亥,庚辰,辛巳,己丑,己未,甲寅,甲申,癸卯,乙戌,癸丑,己申,己酉,乙亥,癸卯,辛酉,庚午,丙寅,甲辰,戊申,2024,11,7,0,3,4,False,False,False,False,False,False,312,45,丙,子,0.951057,0.309017,0,1,乙,亥,0.587785,0.809017,-0.5,0.866025,庚,辰,-0.587785,-0.809017,0.866025,-0.5,辛,巳,-0.951057,-0.309017,0.5,-0.866025,己,丑,1.22465e-16,-1,0.5,0.866025,己,未,1.22465e-16,-1,-0.5,-0.866025,甲,寅,0,1,0.866025,0.5,甲,申,0,1,-0.866025,-0.5,己,酉,1.22465e-16,-1,-1,-1.83697e-16,乙,亥,0.587785,0.809017,-0.5,0.866025,癸,卯,-0.587785,0.809017,1,6.12323e-17,辛,酉,-0.951057,-0.309017,-1,-1.83697e-16,庚,午,-0.587785,-0.809017,1.22465e-16,-1,丙,寅,0.951057,0.309017,0.866025,0.5,甲,辰,0,1,0.866025,-0.5,戊,申,0.587785,-0.809017,-0.866025,-0.5,長生,沐浴,死,養,衰,帝旺,臨官,帝旺,胎,冠帶,墓庫,死,胎,絕,臨官,養,衰,病,病,死,沐浴,衰,養,胎,絕,胎,帝旺,墓庫,冠帶,沐浴,死,病,長生,墓庫,冠帶,臨官
251,2024-11-08 00:00:00+08:00,21200,21355.4,20705.1,20728.2,4153500000,0,0,HSI,^HSI,6252097576511915759,2025-06-02 08:53:16.696166+08:00,戊子,丙子,辛巳,癸巳,乙亥,己未,甲寅,庚午,乙卯,丙亥,乙亥,己申,己酉,乙亥,癸卯,辛酉,庚午,丙寅,甲辰,戊申,2024,11,8,0,4,4,False,False,False,False,False,False,313,45,戊,子,0.587785,-0.809017,0,1,丙,子,0.951057,0.309017,0,1,辛,巳,-0.951057,-0.309017,0.5,-0.866025,癸,巳,-0.587785,0.809017,0.5,-0.866025,乙,亥,0.587785,0.809017,-0.5,0.866025,己,未,1.22465e-16,-1,-0.5,-0.866025,甲,寅,0,1,0.866025,0.5,庚,午,-0.587785,-0.809017,1.22465e-16,-1,己,酉,1.22465e-16,-1,-1,-1.83697e-16,乙,亥,0.587785,0.809017,-0.5,0.866025,癸,卯,-0.587785,0.809017,1,6.12323e-17,辛,酉,-0.951057,-0.309017,-1,-1.83697e-16,庚,午,-0.587785,-0.809017,1.22465e-16,-1,丙,寅,0.951057,0.309017,0.866025,0.5,甲,辰,0,1,0.866025,-0.5,戊,申,0.587785,-0.809017,-0.866025,-0.5,長生,長生,死,沐浴,衰,病,臨官,臨官,胎,帝旺,墓庫,絕,胎,胎,臨官,絕,衰,帝旺,病,病,沐浴,死,養,長生,絕,絕,帝旺,胎,冠帶,臨官,死,死,長生,病,冠帶,沐浴
252,2024-11-11 00:00:00+08:00,20258.1,20505,20151.4,20426.9,3649700000,0,0,HSI,^HSI,18200724762078303849,2025-06-02 08:53:16.696166+08:00,甲子,己卯,甲申,己巳,乙亥,己未,甲寅,庚午,辛卯,己寅,庚亥,己申,己酉,乙亥,癸卯,辛酉,庚午,丙寅,甲辰,戊申,2024,11,11,0,0,4,False,False,False,False,False,False,316,46,甲,子,0,1,0,1,己,卯,1.22465e-16,-1,1,6.12323e-17,甲,申,0,1,-0.866025,-0.5,己,巳,1.22465e-16,-1,0.5,-0.866025,乙,亥,0.587785,0.809017,-0.5,0.866025,己,未,1.22465e-16,-1,-0.5,-0.866025,甲,寅,0,1,0.866025,0.5,庚,午,-0.587785,-0.809017,1.22465e-16,-1,己,酉,1.22465e-16,-1,-1,-1.83697e-16,乙,亥,0.587785,0.809017,-0.5,0.866025,癸,卯,-0.587785,0.809017,1,6.12323e-17,辛,酉,-0.951057,-0.309017,-1,-1.83697e-16,庚,午,-0.587785,-0.809017,1.22465e-16,-1,丙,寅,0.951057,0.309017,0.866025,0.5,甲,辰,0,1,0.866025,-0.5,戊,申,0.587785,-0.809017,-0.866025,-0.5,長生,絕,死,沐浴,衰,病,臨官,長生,胎,帝旺,墓庫,絕,胎,沐浴,臨官,絕,衰,帝旺,病,臨官,沐浴,死,養,長生,絕,病,帝旺,胎,冠帶,臨官,死,胎,長生,病,冠帶,沐浴
253,2024-11-12 00:00:00+08:00,20334.1,20517.2,19761.3,19846.9,4319500000,0,0,HSI,^HSI,5380014825643813300,2025-06-02 08:53:16.696166+08:00,丙子,庚辰,乙酉,辛巳,乙亥,己未,甲寅,庚午,癸卯,庚卯,庚亥,己申,己酉,乙亥,癸卯,辛酉,庚午,丙寅,甲辰,戊申,2024,11,12,0,1,4,False,False,False,False,False,False,317,46,丙,子,0.951057,0.309017,0,1,庚,辰,-0.587785,-0.809017,0.866025,-0.5,乙,酉,0.587785,0.809017,-1,-1.83697e-16,辛,巳,-0.951057,-0.309017,0.5,-0.866025,乙,亥,0.587785,0.809017,-0.5,0.866025,己,未,1.22465e-16,-1,-0.5,-0.866025,甲,寅,0,1,0.866025,0.5,庚,午,-0.587785,-0.809017,1.22465e-16,-1,己,酉,1.22465e-16,-1,-1,-1.83697e-16,乙,亥,0.587785,0.809017,-0.5,0.866025,癸,卯,-0.587785,0.809017,1,6.12323e-17,辛,酉,-0.951057,-0.309017,-1,-1.83697e-16,庚,午,-0.587785,-0.809017,1.22465e-16,-1,丙,寅,0.951057,0.309017,0.866025,0.5,甲,辰,0,1,0.866025,-0.5,戊,申,0.587785,-0.809017,-0.866025,-0.5,長生,墓庫,死,沐浴,衰,病,臨官,養,胎,帝旺,墓庫,絕,胎,冠帶,臨官,絕,衰,帝旺,病,冠帶,沐浴,死,養,長生,絕,衰,帝旺,胎,冠帶,臨官,死,養,長生,病,冠帶,沐浴
254,2024-11-13 00:00:00+08:00,19671.9,19840.3,19608.3,19823.4,2862300000,0,0,HSI,^HSI,15118507502521180549,2025-06-02 08:53:16.696166+08:00,戊子,辛巳,丙戌,癸巳,乙亥,己未,甲寅,庚午,乙卯,辛辰,庚亥,己申,己酉,乙亥,癸卯,辛酉,庚午,丙寅,甲辰,戊申,2024,11,13,0,2,4,False,False,False,False,False,False,318,46,戊,子,0.587785,-0.809017,0,1,辛,巳,-0.951057,-0.309017,0.5,-0.866025,丙,戌,0.951057,0.309017,-0.866025,0.5,癸,巳,-0.587785,0.809017,0.5,-0.866025,乙,亥,0.587785,0.809017,-0.5,0.866025,己,未,1.22465e-16,-1,-0.5,-0.866025,甲,寅,0,1,0.866025,0.5,庚,午,-0.587785,-0.809017,1.22465e-16,-1,己,酉,1.22465e-16,-1,-1,-1.83697e-16,乙,亥,0.587785,0.809017,-0.5,0.866025,癸,卯,-0.587785,0.809017,1,6.12323e-17,辛,酉,-0.951057,-0.309017,-1,-1.83697e-16,庚,午,-0.587785,-0.809017,1.22465e-16,-1,丙,寅,0.951057,0.309017,0.866025,0.5,甲,辰,0,1,0.866025,-0.5,戊,申,0.587785,-0.809017,-0.866025,-0.5,長生,死,死,沐浴,衰,病,臨官,胎,胎,帝旺,墓庫,絕,胎,臨官,臨官,絕,衰,帝旺,病,沐浴,沐浴,死,養,長生,絕,帝旺,帝旺,胎,冠帶,臨官,死,長生,長生,病,冠帶,沐浴
255,2024-11-14 00:00:00+08:00,19626.3,19859.2,19392.6,19435.8,3310000000,0,0,HSI,^HSI,6248959737797752717,2025-06-02 08:53:16.696166+08:00,庚子,壬午,丁亥,乙巳,乙亥,己未,甲寅,庚午,丁卯,壬巳,辛亥,己申,己酉,乙亥,癸卯,辛酉,庚午,丙寅,甲辰,戊申,2024,11,14,0,3,4,False,False,False,False,False,False,319,46,庚,子,-0.587785,-0.809017,0,1,壬,午,-0.951057,0.309017,1.22465e-16,-1,丁,亥,0.951057,-0.309017,-0.5,0.866025,乙,巳,0.587785,0.809017,0.5,-0.866025,乙,亥,0.587785,0.809017,-0.5,0.866025,己,未,1.22465e-16,-1,-0.5,-0.866025,甲,寅,0,1,0.866025,0.5,庚,午,-0.587785,-0.809017,1.22465e-16,-1,己,酉,1.22465e-16,-1,-1,-1.83697e-16,乙,亥,0.587785,0.809017,-0.5,0.866025,癸,卯,-0.587785,0.809017,1,6.12323e-17,辛,酉,-0.951057,-0.309017,-1,-1.83697e-16,庚,午,-0.587785,-0.809017,1.22465e-16,-1,丙,寅,0.951057,0.309017,0.866025,0.5,甲,辰,0,1,0.866025,-0.5,戊,申,0.587785,-0.809017,-0.866025,-0.5,長生,病,死,沐浴,衰,病,臨官,絕,胎,帝旺,墓庫,絕,胎,帝旺,臨官,絕,衰,帝旺,病,長生,沐浴,死,養,長生,絕,臨官,帝旺,胎,冠帶,臨官,死,沐浴,長生,病,冠帶,沐浴
256,2024-11-15 00:00:00+08:00,19503,19608.2,19332.3,19426.3,2947200000,0,0,HSI,^HSI,4510178917667302597,2025-06-02 08:53:16.696166+08:00,壬子,癸未,戊子,丁巳,乙亥,己未,甲寅,庚午,己卯,癸午,辛亥,己申,己酉,乙亥,癸卯,辛酉,庚午,丙寅,甲辰,戊申,2024,11,15,0,4,4,False,False,False,False,False,False,320,46,壬,子,-0.951057,0.309017,0,1,癸,未,-0.587785,0.809017,-0.5,-0.866025,戊,子,0.587785,-0.809017,0,1,丁,巳,0.951057,-0.309017,0.5,-0.866025,乙,亥,0.587785,0.809017,-0.5,0.866025,己,未,1.22465e-16,-1,-0.5,-0.866025,甲,寅,0,1,0.866025,0.5,庚,午,-0.587785,-0.809017,1.22465e-16,-1,己,酉,1.22465e-16,-1,-1,-1.83697e-16,乙,亥,0.587785,0.809017,-0.5,0.866025,癸,卯,-0.587785,0.809017,1,6.12323e-17,辛,酉,-0.951057,-0.309017,-1,-1.83697e-16,庚,午,-0.587785,-0.809017,1.22465e-16,-1,丙,寅,0.951057,0.309017,0.866025,0.5,甲,辰,0,1,0.866025,-0.5,戊,申,0.587785,-0.809017,-0.866025,-0.5,長生,衰,死,沐浴,衰,病,臨官,墓庫,胎,帝旺,墓庫,絕,胎,衰,臨官,絕,衰,帝旺,病,養,沐浴,死,養,長生,絕,冠帶,帝旺,胎,冠帶,臨官,死,冠帶,長生,病,冠帶,沐浴
257,2024-11-18 00:00:00+08:00,19595.5,19781.1,19470.4,19576.6,3176400000,0,0,HSI,^HSI,13985823695573183703,2025-06-02 08:53:16.696166+08:00,戊子,丙戌,辛卯,癸巳,乙亥,己未,甲寅,庚午,乙卯,丙酉,丙亥,己申,己酉,乙亥,癸卯,辛酉,庚午,丙寅,甲辰,戊申,2024,11,18,0,0,4,False,False,False,False,False,False,323,47,戊,子,0.587785,-0.809017,0,1,丙,戌,0.951057,0.309017,-0.866025,0.5,辛,卯,-0.951057,-0.309017,1,6.12323e-17,癸,巳,-0.587785,0.809017,0.5,-0.866025,乙,亥,0.587785,0.809017,-0.5,0.866025,己,未,1.22465e-16,-1,-0.5,-0.866025,甲,寅,0,1,0.866025,0.5,庚,午,-0.587785,-0.809017,1.22465e-16,-1,己,酉,1.22465e-16,-1,-1,-1.83697e-16,乙,亥,0.587785,0.809017,-0.5,0.866025,癸,卯,-0.587785,0.809017,1,6.12323e-17,辛,酉,-0.951057,-0.309017,-1,-1.83697e-16,庚,午,-0.587785,-0.809017,1.22465e-16,-1,丙,寅,0.951057,0.309017,0.866025,0.5,甲,辰,0,1,0.866025,-0.5,戊,申,0.587785,-0.809017,-0.866025,-0.5,長生,冠帶,死,沐浴,衰,病,臨官,衰,胎,帝旺,墓庫,絕,胎,墓庫,臨官,絕,衰,帝旺,病,墓庫,沐浴,死,養,長生,絕,養,帝旺,胎,冠帶,臨官,死,衰,長生,病,冠帶,沐浴
258,2024-11-19 00:00:00+08:00,19699.8,19758.6,19522.6,19663.7,2529900000,0,0,HSI,^HSI,110260219000733537,2025-06-02 08:53:16.696166+08:00,庚子,丁亥,壬辰,乙巳,乙亥,己未,甲寅,庚午,丁卯,丁戌,丙亥,己申,己酉,乙亥,癸卯,辛酉,庚午,丙寅,甲辰,戊申,2024,11,19,0,1,4,False,False,False,False,False,False,324,47,庚,子,-0.587785,-0.809017,0,1,丁,亥,0.951057,-0.309017,-0.5,0.866025,壬,辰,-0.951057,0.309017,0.866025,-0.5,乙,巳,0.587785,0.809017,0.5,-0.866025,乙,亥,0.587785,0.809017,-0.5,0.866025,己,未,1.22465e-16,-1,-0.5,-0.866025,甲,寅,0,1,0.866025,0.5,庚,午,-0.587785,-0.809017,1.22465e-16,-1,己,酉,1.22465e-16,-1,-1,-1.83697e-16,乙,亥,0.587785,0.809017,-0.5,0.866025,癸,卯,-0.587785,0.809017,1,6.12323e-17,辛,酉,-0.951057,-0.309017,-1,-1.83697e-16,庚,午,-0.587785,-0.809017,1.22465e-16,-1,丙,寅,0.951057,0.309017,0.866025,0.5,甲,辰,0,1,0.866025,-0.5,戊,申,0.587785,-0.809017,-0.866025,-0.5,長生,沐浴,死,沐浴,衰,病,臨官,帝旺,胎,帝旺,墓庫,絕,胎,絕,臨官,絕,衰,帝旺,病,死,沐浴,死,養,長生,絕,胎,帝旺,胎,冠帶,臨官,死,病,長生,病,冠帶,沐浴
259,2024-11-20 00:00:00+08:00,19623.4,19752.9,19575.9,19705,2057500000,0,0,HSI,^HSI,2045499156105998898,2025-06-02 08:53:16.696166+08:00,壬子,戊子,癸巳,丁巳,乙亥,己未,甲寅,庚午,己卯,戊亥,丁亥,己申,己酉,乙亥,癸卯,辛酉,庚午,丙寅,甲辰,戊申,2024,11,20,0,2,4,False,False,False,False,False,False,325,47,壬,子,-0.951057,0.309017,0,1,戊,子,0.587785,-0.809017,0,1,癸,巳,-0.587785,0.809017,0.5,-0.866025,丁,巳,0.951057,-0.309017,0.5,-0.866025,乙,亥,0.587785,0.809017,-0.5,0.866025,己,未,1.22465e-16,-1,-0.5,-0.866025,甲,寅,0,1,0.866025,0.5,庚,午,-0.587785,-0.809017,1.22465e-16,-1,己,酉,1.22465e-16,-1,-1,-1.83697e-16,乙,亥,0.587785,0.809017,-0.5,0.866025,癸,卯,-0.587785,0.809017,1,6.12323e-17,辛,酉,-0.951057,-0.309017,-1,-1.83697e-16,庚,午,-0.587785,-0.809017,1.22465e-16,-1,丙,寅,0.951057,0.309017,0.866025,0.5,甲,辰,0,1,0.866025,-0.5,戊,申,0.587785,-0.809017,-0.866025,-0.5,長生,長生,死,沐浴,衰,病,臨官,臨官,胎,帝旺,墓庫,絕,胎,胎,臨官,絕,衰,帝旺,病,病,沐浴,死,養,長生,絕,絕,帝旺,胎,冠帶,臨官,死,死,長生,病,冠帶,沐浴
260,2024-11-21 00:00:00+08:00,19646,19764.6,19552.5,19601.1,2079200000,0,0,HSI,^HSI,7525418453212051108,2025-06-02 08:53:16.696166+08:00,甲子,己丑,甲午,己巳,乙亥,己未,甲寅,庚午,辛卯,己子,丁亥,己申,己酉,乙亥,癸卯,辛酉,庚午,丙寅,甲辰,戊申,2024,11,21,0,3,4,False,False,False,False,False,False,326,47,甲,子,0,1,0,1,己,丑,1.22465e-16,-1,0.5,0.866025,甲,午,0,1,1.22465e-16,-1,己,巳,1.22465e-16,-1,0.5,-0.866025,乙,亥,0.587785,0.809017,-0.5,0.866025,己,未,1.22465e-16,-1,-0.5,-0.866025,甲,寅,0,1,0.866025,0.5,庚,午,-0.587785,-0.809017,1.22465e-16,-1,己,酉,1.22465e-16,-1,-1,-1.83697e-16,乙,亥,0.587785,0.809017,-0.5,0.866025,癸,卯,-0.587785,0.809017,1,6.12323e-17,辛,酉,-0.951057,-0.309017,-1,-1.83697e-16,庚,午,-0.587785,-0.809017,1.22465e-16,-1,丙,寅,0.951057,0.309017,0.866025,0.5,甲,辰,0,1,0.866025,-0.5,戊,申,0.587785,-0.809017,-0.866025,-0.5,長生,養,死,沐浴,衰,病,臨官,冠帶,胎,帝旺,墓庫,絕,胎,養,臨官,絕,衰,帝旺,病,衰,沐浴,死,養,長生,絕,墓庫,帝旺,胎,冠帶,臨官,死,墓庫,長生,病,冠帶,沐浴
261,2024-11-22 00:00:00+08:00,19613.6,19711.4,19134.6,19230,3237600000,0,0,HSI,^HSI,8975128608240292371,2025-06-02 08:53:16.696166+08:00,丙子,庚寅,乙未,辛巳,乙亥,己未,甲寅,庚午,癸卯,庚丑,丁亥,己申,己酉,乙亥,癸卯,辛酉,庚午,丙寅,甲辰,戊申,2024,11,22,0,4,4,False,False,False,False,False,False,327,47,丙,子,0.951057,0.309017,0,1,庚,寅,-0.587785,-0.809017,0.866025,0.5,乙,未,0.587785,0.809017,-0.5,-0.866025,辛,巳,-0.951057,-0.309017,0.5,-0.866025,乙,亥,0.587785,0.809017,-0.5,0.866025,己,未,1.22465e-16,-1,-0.5,-0.866025,甲,寅,0,1,0.866025,0.5,庚,午,-0.587785,-0.809017,1.22465e-16,-1,己,酉,1.22465e-16,-1,-1,-1.83697e-16,乙,亥,0.587785,0.809017,-0.5,0.866025,癸,卯,-0.587785,0.809017,1,6.12323e-17,辛,酉,-0.951057,-0.309017,-1,-1.83697e-16,庚,午,-0.587785,-0.809017,1.22465e-16,-1,丙,寅,0.951057,0.309017,0.866025,0.5,甲,辰,0,1,0.866025,-0.5,戊,申,0.587785,-0.809017,-0.866025,-0.5,長生,胎,死,沐浴,衰,病,臨官,沐浴,胎,帝旺,墓庫,絕,胎,長生,臨官,絕,衰,帝旺,病,帝旺,沐浴,死,養,長生,絕,死,帝旺,胎,冠帶,臨官,死,絕,長生,病,冠帶,沐浴
262,2024-11-25 00:00:00+08:00,19307.3,19351.1,19102.1,19151,4385600000,0,0,HSI,^HSI,12944603193613960245,2025-06-02 08:53:16.696166+08:00,壬子,癸巳,戊戌,丁巳,庚寅,己未,甲寅,乙酉,己卯,癸辰,壬寅,己申,己酉,乙亥,癸卯,辛酉,庚午,丙寅,甲辰,戊申,2024,11,25,0,0,4,False,False,False,False,False,False,330,48,壬,子,-0.951057,0.309017,0,1,癸,巳,-0.587785,0.809017,0.5,-0.866025,戊,戌,0.587785,-0.809017,-0.866025,0.5,丁,巳,0.951057,-0.309017,0.5,-0.866025,庚,寅,-0.587785,-0.809017,0.866025,0.5,己,未,1.22465e-16,-1,-0.5,-0.866025,甲,寅,0,1,0.866025,0.5,乙,酉,0.587785,0.809017,-1,-1.83697e-16,己,酉,1.22465e-16,-1,-1,-1.83697e-16,乙,亥,0.587785,0.809017,-0.5,0.866025,癸,卯,-0.587785,0.809017,1,6.12323e-17,辛,酉,-0.951057,-0.309017,-1,-1.83697e-16,庚,午,-0.587785,-0.809017,1.22465e-16,-1,丙,寅,0.951057,0.309017,0.866025,0.5,甲,辰,0,1,0.866025,-0.5,戊,申,0.587785,-0.809017,-0.866025,-0.5,長生,死,死,胎,衰,臨官,臨官,胎,胎,沐浴,墓庫,病,胎,臨官,臨官,長生,衰,死,病,沐浴,沐浴,帝旺,養,絕,絕,帝旺,帝旺,死,冠帶,長生,死,長生,長生,絕,冠帶,帝旺
263,2024-11-26 00:00:00+08:00,19054.4,19295.8,19054.4,19159.2,2384700000,0,0,HSI,^HSI,1312837621338024558,2025-06-02 08:53:16.696166+08:00,甲子,甲午,己亥,己巳,庚寅,己未,甲寅,乙酉,辛卯,甲巳,癸寅,己申,己酉,乙亥,癸卯,辛酉,庚午,丙寅,甲辰,戊申,2024,11,26,0,1,4,False,False,False,False,False,False,331,48,甲,子,0,1,0,1,甲,午,0,1,1.22465e-16,-1,己,亥,1.22465e-16,-1,-0.5,0.866025,己,巳,1.22465e-16,-1,0.5,-0.866025,庚,寅,-0.587785,-0.809017,0.866025,0.5,己,未,1.22465e-16,-1,-0.5,-0.866025,甲,寅,0,1,0.866025,0.5,乙,酉,0.587785,0.809017,-1,-1.83697e-16,己,酉,1.22465e-16,-1,-1,-1.83697e-16,乙,亥,0.587785,0.809017,-0.5,0.866025,癸,卯,-0.587785,0.809017,1,6.12323e-17,辛,酉,-0.951057,-0.309017,-1,-1.83697e-16,庚,午,-0.587785,-0.809017,1.22465e-16,-1,丙,寅,0.951057,0.309017,0.866025,0.5,甲,辰,0,1,0.866025,-0.5,戊,申,0.587785,-0.809017,-0.866025,-0.5,長生,病,死,胎,衰,臨官,臨官,絕,胎,沐浴,墓庫,病,胎,帝旺,臨官,長生,衰,死,病,長生,沐浴,帝旺,養,絕,絕,臨官,帝旺,死,冠帶,長生,死,沐浴,長生,絕,冠帶,帝旺
264,2024-11-27 00:00:00+08:00,19187.1,19661,19061.6,19603.1,2374800000,0,0,HSI,^HSI,16245702503808686076,2025-06-02 08:53:16.696166+08:00,丙子,乙未,庚子,辛巳,庚寅,己未,甲寅,乙酉,癸卯,乙午,癸寅,己申,己酉,乙亥,癸卯,辛酉,庚午,丙寅,甲辰,戊申,2024,11,27,0,2,4,False,False,False,False,False,False,332,48,丙,子,0.951057,0.309017,0,1,乙,未,0.587785,0.809017,-0.5,-0.866025,庚,子,-0.587785,-0.809017,0,1,辛,巳,-0.951057,-0.309017,0.5,-0.866025,庚,寅,-0.587785,-0.809017,0.866025,0.5,己,未,1.22465e-16,-1,-0.5,-0.866025,甲,寅,0,1,0.866025,0.5,乙,酉,0.587785,0.809017,-1,-1.83697e-16,己,酉,1.22465e-16,-1,-1,-1.83697e-16,乙,亥,0.587785,0.809017,-0.5,0.866025,癸,卯,-0.587785,0.809017,1,6.12323e-17,辛,酉,-0.951057,-0.309017,-1,-1.83697e-16,庚,午,-0.587785,-0.809017,1.22465e-16,-1,丙,寅,0.951057,0.309017,0.866025,0.5,甲,辰,0,1,0.866025,-0.5,戊,申,0.587785,-0.809017,-0.866025,-0.5,長生,衰,死,胎,衰,臨官,臨官,墓庫,胎,沐浴,墓庫,病,胎,衰,臨官,長生,衰,死,病,養,沐浴,帝旺,養,絕,絕,冠帶,帝旺,死,冠帶,長生,死,冠帶,長生,絕,冠帶,帝旺
265,2024-11-28 00:00:00+08:00,19558.2,19558.2,19312.3,19367,2160800000,0,0,HSI,^HSI,4578007714361950153,2025-06-02 08:53:16.696166+08:00,戊子,丙申,辛丑,癸巳,庚寅,己未,甲寅,乙酉,乙卯,丙未,癸寅,己申,己酉,乙亥,癸卯,辛酉,庚午,丙寅,甲辰,戊申,2024,11,28,0,3,4,False,False,False,False,False,False,333,48,戊,子,0.587785,-0.809017,0,1,丙,申,0.951057,0.309017,-0.866025,-0.5,辛,丑,-0.951057,-0.309017,0.5,0.866025,癸,巳,-0.587785,0.809017,0.5,-0.866025,庚,寅,-0.587785,-0.809017,0.866025,0.5,己,未,1.22465e-16,-1,-0.5,-0.866025,甲,寅,0,1,0.866025,0.5,乙,酉,0.587785,0.809017,-1,-1.83697e-16,己,酉,1.22465e-16,-1,-1,-1.83697e-16,乙,亥,0.587785,0.809017,-0.5,0.866025,癸,卯,-0.587785,0.809017,1,6.12323e-17,辛,酉,-0.951057,-0.309017,-1,-1.83697e-16,庚,午,-0.587785,-0.809017,1.22465e-16,-1,丙,寅,0.951057,0.309017,0.866025,0.5,甲,辰,0,1,0.866025,-0.5,戊,申,0.587785,-0.809017,-0.866025,-0.5,長生,帝旺,死,胎,衰,臨官,臨官,死,胎,沐浴,墓庫,病,胎,病,臨官,長生,衰,死,病,胎,沐浴,帝旺,養,絕,絕,沐浴,帝旺,死,冠帶,長生,死,臨官,長生,絕,冠帶,帝旺
266,2024-11-29 00:00:00+08:00,19346.6,19658.2,19312.4,19423.6,2487600000,0,0,HSI,^HSI,3933415804635714358,2025-06-02 08:53:16.696166+08:00,庚子,丁酉,壬寅,乙巳,庚寅,己未,甲寅,乙酉,丁卯,丁申,戊寅,己申,己酉,乙亥,癸卯,辛酉,庚午,丙寅,甲辰,戊申,2024,11,29,0,4,4,False,False,False,False,False,False,334,48,庚,子,-0.587785,-0.809017,0,1,丁,酉,0.951057,-0.309017,-1,-1.83697e-16,壬,寅,-0.951057,0.309017,0.866025,0.5,乙,巳,0.587785,0.809017,0.5,-0.866025,庚,寅,-0.587785,-0.809017,0.866025,0.5,己,未,1.22465e-16,-1,-0.5,-0.866025,甲,寅,0,1,0.866025,0.5,乙,酉,0.587785,0.809017,-1,-1.83697e-16,己,酉,1.22465e-16,-1,-1,-1.83697e-16,乙,亥,0.587785,0.809017,-0.5,0.866025,癸,卯,-0.587785,0.809017,1,6.12323e-17,辛,酉,-0.951057,-0.309017,-1,-1.83697e-16,庚,午,-0.587785,-0.809017,1.22465e-16,-1,丙,寅,0.951057,0.309017,0.866025,0.5,甲,辰,0,1,0.866025,-0.5,戊,申,0.587785,-0.809017,-0.866025,-0.5,長生,臨官,死,胎,衰,臨官,臨官,病,胎,沐浴,墓庫,病,胎,死,臨官,長生,衰,死,病,絕,沐浴,帝旺,養,絕,絕,長生,帝旺,死,冠帶,長生,死,帝旺,長生,絕,冠帶,帝旺
267,2024-12-02 00:00:00+08:00,19442.3,19690.2,19387.2,19550.3,2392300000,0,0,HSI,^HSI,9858270482462417247,2025-06-02 08:53:16.696166+08:00,丙子,庚子,乙巳,辛巳,庚寅,己未,甲寅,乙酉,癸卯,庚亥,己寅,己卯,己酉,乙亥,癸卯,辛酉,庚午,丙寅,甲辰,戊申,2024,12,2,0,0,4,False,False,False,False,False,False,337,49,丙,子,0.951057,0.309017,0,1,庚,子,-0.587785,-0.809017,0,1,乙,巳,0.587785,0.809017,0.5,-0.866025,辛,巳,-0.951057,-0.309017,0.5,-0.866025,庚,寅,-0.587785,-0.809017,0.866025,0.5,己,未,1.22465e-16,-1,-0.5,-0.866025,甲,寅,0,1,0.866025,0.5,乙,酉,0.587785,0.809017,-1,-1.83697e-16,己,酉,1.22465e-16,-1,-1,-1.83697e-16,乙,亥,0.587785,0.809017,-0.5,0.866025,癸,卯,-0.587785,0.809017,1,6.12323e-17,辛,酉,-0.951057,-0.309017,-1,-1.83697e-16,庚,午,-0.587785,-0.809017,1.22465e-16,-1,丙,寅,0.951057,0.309017,0.866025,0.5,甲,辰,0,1,0.866025,-0.5,戊,申,0.587785,-0.809017,-0.866025,-0.5,長生,長生,死,胎,衰,臨官,臨官,臨官,胎,沐浴,墓庫,病,胎,胎,臨官,長生,衰,死,病,病,沐浴,帝旺,養,絕,絕,絕,帝旺,死,冠帶,長生,死,死,長生,絕,冠帶,帝旺
268,2024-12-03 00:00:00+08:00,19585.3,19768.3,19386.8,19746.3,2625300000,0,0,HSI,^HSI,16391958071794576548,2025-06-02 08:53:16.696166+08:00,戊子,辛丑,丙午,癸巳,庚寅,己未,甲寅,乙酉,乙卯,辛子,己寅,己卯,己酉,乙亥,癸卯,辛酉,庚午,丙寅,甲辰,戊申,2024,12,3,0,1,4,False,False,False,False,False,False,338,49,戊,子,0.587785,-0.809017,0,1,辛,丑,-0.951057,-0.309017,0.5,0.866025,丙,午,0.951057,0.309017,1.22465e-16,-1,癸,巳,-0.587785,0.809017,0.5,-0.866025,庚,寅,-0.587785,-0.809017,0.866025,0.5,己,未,1.22465e-16,-1,-0.5,-0.866025,甲,寅,0,1,0.866025,0.5,乙,酉,0.587785,0.809017,-1,-1.83697e-16,己,酉,1.22465e-16,-1,-1,-1.83697e-16,乙,亥,0.587785,0.809017,-0.5,0.866025,癸,卯,-0.587785,0.809017,1,6.12323e-17,辛,酉,-0.951057,-0.309017,-1,-1.83697e-16,庚,午,-0.587785,-0.809017,1.22465e-16,-1,丙,寅,0.951057,0.309017,0.866025,0.5,甲,辰,0,1,0.866025,-0.5,戊,申,0.587785,-0.809017,-0.866025,-0.5,長生,養,死,胎,衰,臨官,臨官,冠帶,胎,沐浴,墓庫,病,胎,養,臨官,長生,衰,死,病,衰,沐浴,帝旺,養,絕,絕,墓庫,帝旺,死,冠帶,長生,死,墓庫,長生,絕,冠帶,帝旺
269,2024-12-04 00:00:00+08:00,19722.2,19823.1,19615.6,19742.5,2589100000,0,0,HSI,^HSI,8126738166230125444,2025-06-02 08:53:16.696166+08:00,庚子,壬寅,丁未,乙巳,庚寅,己未,甲寅,乙酉,丁卯,壬丑,甲寅,己卯,己酉,乙亥,癸卯,辛酉,庚午,丙寅,甲辰,戊申,2024,12,4,0,2,4,False,False,False,False,False,False,339,49,庚,子,-0.587785,-0.809017,0,1,壬,寅,-0.951057,0.309017,0.866025,0.5,丁,未,0.951057,-0.309017,-0.5,-0.866025,乙,巳,0.587785,0.809017,0.5,-0.866025,庚,寅,-0.587785,-0.809017,0.866025,0.5,己,未,1.22465e-16,-1,-0.5,-0.866025,甲,寅,0,1,0.866025,0.5,乙,酉,0.587785,0.809017,-1,-1.83697e-16,己,酉,1.22465e-16,-1,-1,-1.83697e-16,乙,亥,0.587785,0.809017,-0.5,0.866025,癸,卯,-0.587785,0.809017,1,6.12323e-17,辛,酉,-0.951057,-0.309017,-1,-1.83697e-16,庚,午,-0.587785,-0.809017,1.22465e-16,-1,丙,寅,0.951057,0.309017,0.866025,0.5,甲,辰,0,1,0.866025,-0.5,戊,申,0.587785,-0.809017,-0.866025,-0.5,長生,胎,死,胎,衰,臨官,臨官,沐浴,胎,沐浴,墓庫,病,胎,長生,臨官,長生,衰,死,病,帝旺,沐浴,帝旺,養,絕,絕,死,帝旺,死,冠帶,長生,死,絕,長生,絕,冠帶,帝旺
270,2024-12-05 00:00:00+08:00,19578.7,19642.7,19466.7,19560.4,2007500000,0,0,HSI,^HSI,12665914600327408978,2025-06-02 08:53:16.696166+08:00,壬子,癸卯,戊申,丁巳,庚寅,己未,甲寅,乙酉,己卯,癸寅,甲寅,己卯,己酉,乙亥,癸卯,辛酉,庚午,丙寅,甲辰,戊申,2024,12,5,0,3,4,False,False,False,False,False,False,340,49,壬,子,-0.951057,0.309017,0,1,癸,卯,-0.587785,0.809017,1,6.12323e-17,戊,申,0.587785,-0.809017,-0.866025,-0.5,丁,巳,0.951057,-0.309017,0.5,-0.866025,庚,寅,-0.587785,-0.809017,0.866025,0.5,己,未,1.22465e-16,-1,-0.5,-0.866025,甲,寅,0,1,0.866025,0.5,乙,酉,0.587785,0.809017,-1,-1.83697e-16,己,酉,1.22465e-16,-1,-1,-1.83697e-16,乙,亥,0.587785,0.809017,-0.5,0.866025,癸,卯,-0.587785,0.809017,1,6.12323e-17,辛,酉,-0.951057,-0.309017,-1,-1.83697e-16,庚,午,-0.587785,-0.809017,1.22465e-16,-1,丙,寅,0.951057,0.309017,0.866025,0.5,甲,辰,0,1,0.866025,-0.5,戊,申,0.587785,-0.809017,-0.866025,-0.5,長生,絕,死,胎,衰,臨官,臨官,長生,胎,沐浴,墓庫,病,胎,沐浴,臨官,長生,衰,死,病,臨官,沐浴,帝旺,養,絕,絕,病,帝旺,死,冠帶,長生,死,胎,長生,絕,冠帶,帝旺
271,2024-12-06 00:00:00+08:00,19611.6,19934.7,19566.3,19865.8,3493300000,0,0,HSI,^HSI,6431040530300456754,2025-06-02 08:53:16.696166+08:00,甲子,甲辰,己酉,己巳,庚寅,己未,甲寅,乙酉,辛卯,甲卯,甲寅,己卯,己酉,乙亥,癸卯,辛酉,庚午,丙寅,甲辰,戊申,2024,12,6,0,4,4,False,False,False,False,False,False,341,49,甲,子,0,1,0,1,甲,辰,0,1,0.866025,-0.5,己,酉,1.22465e-16,-1,-1,-1.83697e-16,己,巳,1.22465e-16,-1,0.5,-0.866025,庚,寅,-0.587785,-0.809017,0.866025,0.5,己,未,1.22465e-16,-1,-0.5,-0.866025,甲,寅,0,1,0.866025,0.5,乙,酉,0.587785,0.809017,-1,-1.83697e-16,己,酉,1.22465e-16,-1,-1,-1.83697e-16,乙,亥,0.587785,0.809017,-0.5,0.866025,癸,卯,-0.587785,0.809017,1,6.12323e-17,辛,酉,-0.951057,-0.309017,-1,-1.83697e-16,庚,午,-0.587785,-0.809017,1.22465e-16,-1,丙,寅,0.951057,0.309017,0.866025,0.5,甲,辰,0,1,0.866025,-0.5,戊,申,0.587785,-0.809017,-0.866025,-0.5,長生,墓庫,死,胎,衰,臨官,臨官,養,胎,沐浴,墓庫,病,胎,冠帶,臨官,長生,衰,死,病,冠帶,沐浴,帝旺,養,絕,絕,衰,帝旺,死,冠帶,長生,死,養,長生,絕,冠帶,帝旺
272,2024-12-09 00:00:00+08:00,19732.3,20433.7,19695.5,20414.1,3960600000,0,0,HSI,^HSI,13920441106686856470,2025-06-02 08:53:16.696166+08:00,庚子,丁未,壬子,乙巳,丙子,己未,甲寅,辛未,丁卯,丁午,丙子,己卯,己酉,乙亥,癸卯,辛酉,庚午,丙寅,甲辰,戊申,2024,12,9,0,0,4,False,False,False,False,False,False,344,50,庚,子,-0.587785,-0.809017,0,1,丁,未,0.951057,-0.309017,-0.5,-0.866025,壬,子,-0.951057,0.309017,0,1,乙,巳,0.587785,0.809017,0.5,-0.866025,丙,子,0.951057,0.309017,0,1,己,未,1.22465e-16,-1,-0.5,-0.866025,甲,寅,0,1,0.866025,0.5,辛,未,-0.951057,-0.309017,-0.5,-0.866025,己,酉,1.22465e-16,-1,-1,-1.83697e-16,乙,亥,0.587785,0.809017,-0.5,0.866025,癸,卯,-0.587785,0.809017,1,6.12323e-17,辛,酉,-0.951057,-0.309017,-1,-1.83697e-16,庚,午,-0.587785,-0.809017,1.22465e-16,-1,丙,寅,0.951057,0.309017,0.866025,0.5,甲,辰,0,1,0.866025,-0.5,戊,申,0.587785,-0.809017,-0.866025,-0.5,長生,衰,死,長生,衰,衰,臨官,墓庫,胎,臨官,墓庫,墓庫,胎,衰,臨官,胎,衰,衰,病,養,沐浴,病,養,養,絕,冠帶,帝旺,絕,冠帶,冠帶,死,冠帶,長生,死,冠帶,冠帶
273,2024-12-10 00:00:00+08:00,21070.1,21070.1,20308.9,20311.3,4472400000,0,0,HSI,^HSI,14856409790052550323,2025-06-02 08:53:16.696166+08:00,壬子,戊申,癸丑,丁巳,丙子,己未,甲寅,辛未,己卯,戊未,辛子,己卯,己酉,乙亥,癸卯,辛酉,庚午,丙寅,甲辰,戊申,2024,12,10,0,1,4,False,False,False,False,False,False,345,50,壬,子,-0.951057,0.309017,0,1,戊,申,0.587785,-0.809017,-0.866025,-0.5,癸,丑,-0.587785,0.809017,0.5,0.866025,丁,巳,0.951057,-0.309017,0.5,-0.866025,丙,子,0.951057,0.309017,0,1,己,未,1.22465e-16,-1,-0.5,-0.866025,甲,寅,0,1,0.866025,0.5,辛,未,-0.951057,-0.309017,-0.5,-0.866025,己,酉,1.22465e-16,-1,-1,-1.83697e-16,乙,亥,0.587785,0.809017,-0.5,0.866025,癸,卯,-0.587785,0.809017,1,6.12323e-17,辛,酉,-0.951057,-0.309017,-1,-1.83697e-16,庚,午,-0.587785,-0.809017,1.22465e-16,-1,丙,寅,0.951057,0.309017,0.866025,0.5,甲,辰,0,1,0.866025,-0.5,戊,申,0.587785,-0.809017,-0.866025,-0.5,長生,帝旺,死,長生,衰,衰,臨官,死,胎,臨官,墓庫,墓庫,胎,病,臨官,胎,衰,衰,病,胎,沐浴,病,養,養,絕,沐浴,帝旺,絕,冠帶,冠帶,死,臨官,長生,死,冠帶,冠帶
274,2024-12-11 00:00:00+08:00,20404.5,20481.4,20100.1,20155.1,2300100000,0,0,HSI,^HSI,18359922737740030151,2025-06-02 08:53:16.696166+08:00,甲子,己酉,甲寅,己巳,丙子,己未,甲寅,辛未,辛卯,己申,辛子,己卯,己酉,乙亥,癸卯,辛酉,庚午,丙寅,甲辰,戊申,2024,12,11,0,2,4,False,False,False,False,False,False,346,50,甲,子,0,1,0,1,己,酉,1.22465e-16,-1,-1,-1.83697e-16,甲,寅,0,1,0.866025,0.5,己,巳,1.22465e-16,-1,0.5,-0.866025,丙,子,0.951057,0.309017,0,1,己,未,1.22465e-16,-1,-0.5,-0.866025,甲,寅,0,1,0.866025,0.5,辛,未,-0.951057,-0.309017,-0.5,-0.866025,己,酉,1.22465e-16,-1,-1,-1.83697e-16,乙,亥,0.587785,0.809017,-0.5,0.866025,癸,卯,-0.587785,0.809017,1,6.12323e-17,辛,酉,-0.951057,-0.309017,-1,-1.83697e-16,庚,午,-0.587785,-0.809017,1.22465e-16,-1,丙,寅,0.951057,0.309017,0.866025,0.5,甲,辰,0,1,0.866025,-0.5,戊,申,0.587785,-0.809017,-0.866025,-0.5,長生,臨官,死,長生,衰,衰,臨官,病,胎,臨官,墓庫,墓庫,胎,死,臨官,胎,衰,衰,病,絕,沐浴,病,養,養,絕,長生,帝旺,絕,冠帶,冠帶,死,帝旺,長生,死,冠帶,冠帶
275,2024-12-12 00:00:00+08:00,20213.2,20546.4,20121.5,20397.1,2777100000,0,0,HSI,^HSI,16173753251960497156,2025-06-02 08:53:16.696166+08:00,丙子,庚戌,乙卯,辛巳,丙子,己未,甲寅,辛未,癸卯,庚酉,辛子,己卯,己酉,乙亥,癸卯,辛酉,庚午,丙寅,甲辰,戊申,2024,12,12,0,3,4,False,False,False,False,False,False,347,50,丙,子,0.951057,0.309017,0,1,庚,戌,-0.587785,-0.809017,-0.866025,0.5,乙,卯,0.587785,0.809017,1,6.12323e-17,辛,巳,-0.951057,-0.309017,0.5,-0.866025,丙,子,0.951057,0.309017,0,1,己,未,1.22465e-16,-1,-0.5,-0.866025,甲,寅,0,1,0.866025,0.5,辛,未,-0.951057,-0.309017,-0.5,-0.866025,己,酉,1.22465e-16,-1,-1,-1.83697e-16,乙,亥,0.587785,0.809017,-0.5,0.866025,癸,卯,-0.587785,0.809017,1,6.12323e-17,辛,酉,-0.951057,-0.309017,-1,-1.83697e-16,庚,午,-0.587785,-0.809017,1.22465e-16,-1,丙,寅,0.951057,0.309017,0.866025,0.5,甲,辰,0,1,0.866025,-0.5,戊,申,0.587785,-0.809017,-0.866025,-0.5,長生,冠帶,死,長生,衰,衰,臨官,衰,胎,臨官,墓庫,墓庫,胎,墓庫,臨官,胎,衰,衰,病,墓庫,沐浴,病,養,養,絕,養,帝旺,絕,冠帶,冠帶,死,衰,長生,死,冠帶,冠帶
276,2024-12-13 00:00:00+08:00,20238.2,20238.2,19927.3,19971.2,3106800000,0,0,HSI,^HSI,18117500553763049729,2025-06-02 08:53:16.696166+08:00,戊子,辛亥,丙辰,癸巳,丙子,己未,甲寅,辛未,乙卯,辛戌,壬子,己卯,己酉,乙亥,癸卯,辛酉,庚午,丙寅,甲辰,戊申,2024,12,13,0,4,4,False,False,False,False,False,False,348,50,戊,子,0.587785,-0.809017,0,1,辛,亥,-0.951057,-0.309017,-0.5,0.866025,丙,辰,0.951057,0.309017,0.866025,-0.5,癸,巳,-0.587785,0.809017,0.5,-0.866025,丙,子,0.951057,0.309017,0,1,己,未,1.22465e-16,-1,-0.5,-0.866025,甲,寅,0,1,0.866025,0.5,辛,未,-0.951057,-0.309017,-0.5,-0.866025,己,酉,1.22465e-16,-1,-1,-1.83697e-16,乙,亥,0.587785,0.809017,-0.5,0.866025,癸,卯,-0.587785,0.809017,1,6.12323e-17,辛,酉,-0.951057,-0.309017,-1,-1.83697e-16,庚,午,-0.587785,-0.809017,1.22465e-16,-1,丙,寅,0.951057,0.309017,0.866025,0.5,甲,辰,0,1,0.866025,-0.5,戊,申,0.587785,-0.809017,-0.866025,-0.5,長生,沐浴,死,長生,衰,衰,臨官,帝旺,胎,臨官,墓庫,墓庫,胎,絕,臨官,胎,衰,衰,病,死,沐浴,病,養,養,絕,胎,帝旺,絕,冠帶,冠帶,死,病,長生,死,冠帶,冠帶
277,2024-12-16 00:00:00+08:00,19947.2,20049.2,19726.2,19795.5,2699600000,0,0,HSI,^HSI,12686543315632103175,2025-06-02 08:53:16.696166+08:00,甲子,甲寅,己未,己巳,丙子,己未,甲寅,辛未,辛卯,甲丑,丁子,己卯,己酉,乙亥,癸卯,辛酉,庚午,丙寅,甲辰,戊申,2024,12,16,0,0,4,False,False,False,False,False,False,351,51,甲,子,0,1,0,1,甲,寅,0,1,0.866025,0.5,己,未,1.22465e-16,-1,-0.5,-0.866025,己,巳,1.22465e-16,-1,0.5,-0.866025,丙,子,0.951057,0.309017,0,1,己,未,1.22465e-16,-1,-0.5,-0.866025,甲,寅,0,1,0.866025,0.5,辛,未,-0.951057,-0.309017,-0.5,-0.866025,己,酉,1.22465e-16,-1,-1,-1.83697e-16,乙,亥,0.587785,0.809017,-0.5,0.866025,癸,卯,-0.587785,0.809017,1,6.12323e-17,辛,酉,-0.951057,-0.309017,-1,-1.83697e-16,庚,午,-0.587785,-0.809017,1.22465e-16,-1,丙,寅,0.951057,0.309017,0.866025,0.5,甲,辰,0,1,0.866025,-0.5,戊,申,0.587785,-0.809017,-0.866025,-0.5,長生,胎,死,長生,衰,衰,臨官,沐浴,胎,臨官,墓庫,墓庫,胎,長生,臨官,胎,衰,衰,病,帝旺,沐浴,病,養,養,絕,死,帝旺,絕,冠帶,冠帶,死,絕,長生,死,冠帶,冠帶
278,2024-12-17 00:00:00+08:00,19678,19930.8,19620.6,19700.5,2787100000,0,0,HSI,^HSI,13418807453631538472,2025-06-02 08:53:16.696166+08:00,丙子,乙卯,庚申,辛巳,丙子,己未,甲寅,辛未,癸卯,乙寅,丁子,己卯,己酉,乙亥,癸卯,辛酉,庚午,丙寅,甲辰,戊申,2024,12,17,0,1,4,False,False,False,False,False,False,352,51,丙,子,0.951057,0.309017,0,1,乙,卯,0.587785,0.809017,1,6.12323e-17,庚,申,-0.587785,-0.809017,-0.866025,-0.5,辛,巳,-0.951057,-0.309017,0.5,-0.866025,丙,子,0.951057,0.309017,0,1,己,未,1.22465e-16,-1,-0.5,-0.866025,甲,寅,0,1,0.866025,0.5,辛,未,-0.951057,-0.309017,-0.5,-0.866025,己,酉,1.22465e-16,-1,-1,-1.83697e-16,乙,亥,0.587785,0.809017,-0.5,0.866025,癸,卯,-0.587785,0.809017,1,6.12323e-17,辛,酉,-0.951057,-0.309017,-1,-1.83697e-16,庚,午,-0.587785,-0.809017,1.22465e-16,-1,丙,寅,0.951057,0.309017,0.866025,0.5,甲,辰,0,1,0.866025,-0.5,戊,申,0.587785,-0.809017,-0.866025,-0.5,長生,絕,死,長生,衰,衰,臨官,長生,胎,臨官,墓庫,墓庫,胎,沐浴,臨官,胎,衰,衰,病,臨官,沐浴,病,養,養,絕,病,帝旺,絕,冠帶,冠帶,死,胎,長生,死,冠帶,冠帶
279,2024-12-18 00:00:00+08:00,19884.5,19953.5,19802.2,19864.6,2288100000,0,0,HSI,^HSI,9721208082739986549,2025-06-02 08:53:16.696166+08:00,戊子,丙辰,辛酉,癸巳,丙子,己未,甲寅,辛未,乙卯,丙卯,丁子,己卯,己酉,乙亥,癸卯,辛酉,庚午,丙寅,甲辰,戊申,2024,12,18,0,2,4,False,False,False,False,False,False,353,51,戊,子,0.587785,-0.809017,0,1,丙,辰,0.951057,0.309017,0.866025,-0.5,辛,酉,-0.951057,-0.309017,-1,-1.83697e-16,癸,巳,-0.587785,0.809017,0.5,-0.866025,丙,子,0.951057,0.309017,0,1,己,未,1.22465e-16,-1,-0.5,-0.866025,甲,寅,0,1,0.866025,0.5,辛,未,-0.951057,-0.309017,-0.5,-0.866025,己,酉,1.22465e-16,-1,-1,-1.83697e-16,乙,亥,0.587785,0.809017,-0.5,0.866025,癸,卯,-0.587785,0.809017,1,6.12323e-17,辛,酉,-0.951057,-0.309017,-1,-1.83697e-16,庚,午,-0.587785,-0.809017,1.22465e-16,-1,丙,寅,0.951057,0.309017,0.866025,0.5,甲,辰,0,1,0.866025,-0.5,戊,申,0.587785,-0.809017,-0.866025,-0.5,長生,墓庫,死,長生,衰,衰,臨官,養,胎,臨官,墓庫,墓庫,胎,冠帶,臨官,胎,衰,衰,病,冠帶,沐浴,病,養,養,絕,衰,帝旺,絕,冠帶,冠帶,死,養,長生,死,冠帶,冠帶
280,2024-12-19 00:00:00+08:00,19610.1,19849,19591.5,19752.5,2385000000,0,0,HSI,^HSI,9447043171499725904,2025-06-02 08:53:16.696166+08:00,庚子,丁巳,壬戌,乙巳,丙子,己未,甲寅,辛未,丁卯,丁辰,戊子,己卯,己酉,乙亥,癸卯,辛酉,庚午,丙寅,甲辰,戊申,2024,12,19,0,3,4,False,False,False,False,False,False,354,51,庚,子,-0.587785,-0.809017,0,1,丁,巳,0.951057,-0.309017,0.5,-0.866025,壬,戌,-0.951057,0.309017,-0.866025,0.5,乙,巳,0.587785,0.809017,0.5,-0.866025,丙,子,0.951057,0.309017,0,1,己,未,1.22465e-16,-1,-0.5,-0.866025,甲,寅,0,1,0.866025,0.5,辛,未,-0.951057,-0.309017,-0.5,-0.866025,己,酉,1.22465e-16,-1,-1,-1.83697e-16,乙,亥,0.587785,0.809017,-0.5,0.866025,癸,卯,-0.587785,0.809017,1,6.12323e-17,辛,酉,-0.951057,-0.309017,-1,-1.83697e-16,庚,午,-0.587785,-0.809017,1.22465e-16,-1,丙,寅,0.951057,0.309017,0.866025,0.5,甲,辰,0,1,0.866025,-0.5,戊,申,0.587785,-0.809017,-0.866025,-0.5,長生,死,死,長生,衰,衰,臨官,胎,胎,臨官,墓庫,墓庫,胎,臨官,臨官,胎,衰,衰,病,沐浴,沐浴,病,養,養,絕,帝旺,帝旺,絕,冠帶,冠帶,死,長生,長生,死,冠帶,冠帶
281,2024-12-20 00:00:00+08:00,19697.1,19875.9,19692.7,19720.7,3501200000,0,0,HSI,^HSI,967668049978864922,2025-06-02 08:53:16.696166+08:00,壬子,戊午,癸亥,丁巳,丙子,己未,甲寅,辛未,己卯,戊巳,戊子,己卯,己酉,乙亥,癸卯,辛酉,庚午,丙寅,甲辰,戊申,2024,12,20,0,4,4,False,False,False,False,False,False,355,51,壬,子,-0.951057,0.309017,0,1,戊,午,0.587785,-0.809017,1.22465e-16,-1,癸,亥,-0.587785,0.809017,-0.5,0.866025,丁,巳,0.951057,-0.309017,0.5,-0.866025,丙,子,0.951057,0.309017,0,1,己,未,1.22465e-16,-1,-0.5,-0.866025,甲,寅,0,1,0.866025,0.5,辛,未,-0.951057,-0.309017,-0.5,-0.866025,己,酉,1.22465e-16,-1,-1,-1.83697e-16,乙,亥,0.587785,0.809017,-0.5,0.866025,癸,卯,-0.587785,0.809017,1,6.12323e-17,辛,酉,-0.951057,-0.309017,-1,-1.83697e-16,庚,午,-0.587785,-0.809017,1.22465e-16,-1,丙,寅,0.951057,0.309017,0.866025,0.5,甲,辰,0,1,0.866025,-0.5,戊,申,0.587785,-0.809017,-0.866025,-0.5,長生,病,死,長生,衰,衰,臨官,絕,胎,臨官,墓庫,墓庫,胎,帝旺,臨官,胎,衰,衰,病,長生,沐浴,病,養,養,絕,臨官,帝旺,絕,冠帶,冠帶,死,沐浴,長生,死,冠帶,冠帶
282,2024-12-23 00:00:00+08:00,19843.7,19937.4,19746.5,19883.1,3403600000,0,0,HSI,^HSI,1929930946358269063,2025-06-02 08:53:16.696166+08:00,戊子,辛酉,丙寅,癸巳,辛卯,己未,甲寅,丙戌,乙卯,辛申,癸卯,己卯,己酉,乙亥,癸卯,辛酉,庚午,丙寅,甲辰,戊申,2024,12,23,0,0,4,False,False,False,False,False,False,358,52,戊,子,0.587785,-0.809017,0,1,辛,酉,-0.951057,-0.309017,-1,-1.83697e-16,丙,寅,0.951057,0.309017,0.866025,0.5,癸,巳,-0.587785,0.809017,0.5,-0.866025,辛,卯,-0.951057,-0.309017,1,6.12323e-17,己,未,1.22465e-16,-1,-0.5,-0.866025,甲,寅,0,1,0.866025,0.5,丙,戌,0.951057,0.309017,-0.866025,0.5,己,酉,1.22465e-16,-1,-1,-1.83697e-16,乙,亥,0.587785,0.809017,-0.5,0.866025,癸,卯,-0.587785,0.809017,1,6.12323e-17,辛,酉,-0.951057,-0.309017,-1,-1.83697e-16,庚,午,-0.587785,-0.809017,1.22465e-16,-1,丙,寅,0.951057,0.309017,0.866025,0.5,甲,辰,0,1,0.866025,-0.5,戊,申,0.587785,-0.809017,-0.866025,-0.5,長生,臨官,死,絕,衰,冠帶,臨官,病,胎,長生,墓庫,衰,胎,死,臨官,沐浴,衰,墓庫,病,絕,沐浴,臨官,養,墓庫,絕,長生,帝旺,病,冠帶,養,死,帝旺,長生,胎,冠帶,衰
283,2024-12-24 00:00:00+08:00,19911.5,20165.5,19908.6,20098.3,2206500000,0,0,HSI,^HSI,730398649748910767,2025-06-02 08:53:16.696166+08:00,庚子,壬戌,丁卯,乙巳,辛卯,己未,甲寅,丙戌,丁卯,壬酉,癸卯,己卯,己酉,乙亥,癸卯,辛酉,庚午,丙寅,甲辰,戊申,2024,12,24,0,1,4,False,False,False,False,False,False,359,52,庚,子,-0.587785,-0.809017,0,1,壬,戌,-0.951057,0.309017,-0.866025,0.5,丁,卯,0.951057,-0.309017,1,6.12323e-17,乙,巳,0.587785,0.809017,0.5,-0.866025,辛,卯,-0.951057,-0.309017,1,6.12323e-17,己,未,1.22465e-16,-1,-0.5,-0.866025,甲,寅,0,1,0.866025,0.5,丙,戌,0.951057,0.309017,-0.866025,0.5,己,酉,1.22465e-16,-1,-1,-1.83697e-16,乙,亥,0.587785,0.809017,-0.5,0.866025,癸,卯,-0.587785,0.809017,1,6.12323e-17,辛,酉,-0.951057,-0.309017,-1,-1.83697e-16,庚,午,-0.587785,-0.809017,1.22465e-16,-1,丙,寅,0.951057,0.309017,0.866025,0.5,甲,辰,0,1,0.866025,-0.5,戊,申,0.587785,-0.809017,-0.866025,-0.5,長生,冠帶,死,絕,衰,冠帶,臨官,衰,胎,長生,墓庫,衰,胎,墓庫,臨官,沐浴,衰,墓庫,病,墓庫,沐浴,臨官,養,墓庫,絕,養,帝旺,病,冠帶,養,死,衰,長生,胎,冠帶,衰
284,2024-12-27 00:00:00+08:00,20083.4,20184.9,20009.9,20090.5,2906600000,0,0,HSI,^HSI,12801670736600396411,2025-06-02 08:53:16.696166+08:00,丙子,乙丑,庚午,辛巳,辛卯,己未,甲寅,丙戌,癸卯,乙子,甲卯,己卯,己酉,乙亥,癸卯,辛酉,庚午,丙寅,甲辰,戊申,2024,12,27,0,4,4,False,False,False,False,False,False,362,52,丙,子,0.951057,0.309017,0,1,乙,丑,0.587785,0.809017,0.5,0.866025,庚,午,-0.587785,-0.809017,1.22465e-16,-1,辛,巳,-0.951057,-0.309017,0.5,-0.866025,辛,卯,-0.951057,-0.309017,1,6.12323e-17,己,未,1.22465e-16,-1,-0.5,-0.866025,甲,寅,0,1,0.866025,0.5,丙,戌,0.951057,0.309017,-0.866025,0.5,己,酉,1.22465e-16,-1,-1,-1.83697e-16,乙,亥,0.587785,0.809017,-0.5,0.866025,癸,卯,-0.587785,0.809017,1,6.12323e-17,辛,酉,-0.951057,-0.309017,-1,-1.83697e-16,庚,午,-0.587785,-0.809017,1.22465e-16,-1,丙,寅,0.951057,0.309017,0.866025,0.5,甲,辰,0,1,0.866025,-0.5,戊,申,0.587785,-0.809017,-0.866025,-0.5,長生,養,死,絕,衰,冠帶,臨官,冠帶,胎,長生,墓庫,衰,胎,養,臨官,沐浴,衰,墓庫,病,衰,沐浴,臨官,養,墓庫,絕,墓庫,帝旺,病,冠帶,養,死,墓庫,長生,胎,冠帶,衰
285,2024-12-30 00:00:00+08:00,20124.8,20193.1,19968.1,20041.4,2724900000,0,0,HSI,^HSI,1348436563460062087,2025-06-02 08:53:16.696166+08:00,壬子,戊辰,癸酉,丁巳,辛卯,己未,甲寅,丙戌,己卯,戊卯,己卯,己卯,己酉,乙亥,癸卯,辛酉,庚午,丙寅,甲辰,戊申,2024,12,30,0,0,4,False,False,False,False,False,False,365,1,壬,子,-0.951057,0.309017,0,1,戊,辰,0.587785,-0.809017,0.866025,-0.5,癸,酉,-0.587785,0.809017,-1,-1.83697e-16,丁,巳,0.951057,-0.309017,0.5,-0.866025,辛,卯,-0.951057,-0.309017,1,6.12323e-17,己,未,1.22465e-16,-1,-0.5,-0.866025,甲,寅,0,1,0.866025,0.5,丙,戌,0.951057,0.309017,-0.866025,0.5,己,酉,1.22465e-16,-1,-1,-1.83697e-16,乙,亥,0.587785,0.809017,-0.5,0.866025,癸,卯,-0.587785,0.809017,1,6.12323e-17,辛,酉,-0.951057,-0.309017,-1,-1.83697e-16,庚,午,-0.587785,-0.809017,1.22465e-16,-1,丙,寅,0.951057,0.309017,0.866025,0.5,甲,辰,0,1,0.866025,-0.5,戊,申,0.587785,-0.809017,-0.866025,-0.5,長生,墓庫,死,絕,衰,冠帶,臨官,養,胎,長生,墓庫,衰,胎,冠帶,臨官,沐浴,衰,墓庫,病,冠帶,沐浴,臨官,養,墓庫,絕,衰,帝旺,病,冠帶,養,死,養,長生,胎,冠帶,衰
